Grafo Bipartito, No ponderado, dirigido, 100 nodos, 120 aristas
100 120 2
1 51
1 52
2 53
2 54
3 55
3 56
4 57
4 58
5 59
5 60
6 61
6 62
7 63
7 64
8 65
8 66
9 67
9 68
10 69
10 70
11 71
11 72
12 73
12 74
13 75
13 76
14 77
14 78
15 79
15 80
16 81
16 82
17 83
17 84
18 85
18 86
19 87
19 88
20 89
20 90
21 91
21 92
22 93
22 94
23 95
23 96
24 97
24 98
25 99
25 100
26 51
26 52
27 53
27 54
28 55
28 56
29 57
29 58
30 59
30 60
31 61
31 62
32 63
32 64
33 65
33 66
34 67
34 68
35 69
35 70
36 71
36 72
37 73
37 74
38 75
38 76
39 77
39 78
40 79
40 80
41 81
41 82
42 83
42 84
43 85
43 86
44 87
44 88
45 89
45 90
46 91
46 92
47 93
47 94
48 95
48 96
49 97
49 98
50 99
50 100
