200
38 63 147 210
157 210 152 67
175 143 180 137
131 198 180 10
17 137 22 199
126 190 50 98
158 127 50 94
194 121 103 52
97 81 220 45
101 208 68 90
88 105 44 170
180 63 1 196
27 199 108 172
13 207 59 214
100 212 98 219
86 60 116 115
29 110 88 113
158 16 119 123
131 145 197 99
81 101 195 149
70 29 218 178
58 218 194 136
219 108 28 68
75 90 146 159
220 215 24 199
163 75 162 35
178 200 213 18
114 93 210 92
210 139 114 97
82 208 126 63
150 164 210 180
60 153 153 178
67 0 174 59
47 172 92 194
220 52 83 14
220 94 170 109
130 21 95 193
59 158 13 106
191 5 38 181
69 121 99 47
215 175 12 156
123 214 201 121
65 40 92 89
182 198 46 202
199 125 170 119
177 132 135 132
133 66 47 208
202 74 10 132
29 105 124 156
188 32 135 203
81 141 144 50
174 81 138 32
73 15 151 30
201 119 211 20
79 22 110 51
97 169 125 45
54 189 102 4
181 0 50 135
142 71 155 165
19 87 187 4
19 6 14 62
94 138 152 70
34 160 146 205
183 103 216 48
59 37 121 190
19 182 162 200
185 102 165 121
103 59 25 184
9 131 219 188
97 218 175 75
168 125 147 180
206 173 134 89
203 153 191 173
80 160 105 152
43 161 208 51
60 192 65 65
0 132 34 218
48 168 66 134
90 131 6 18
113 8 211 109
78 40 9 4
171 163 184 201
147 192 190 118
81 160 71 25
4 107 29 172
189 128 49 217
33 65 83 184
55 136 113 89
174 21 166 55
43 215 201 79
116 156 125 31
111 12 207 131
188 75 204 93
38 188 195 208
198 191 207 61
37 201 199 11
183 146 81 40
153 58 82 148
217 67 173 19
131 190 59 82
189 129 28 38
74 1 106 219
45 147 7 195
209 192 21 134
186 107 173 85
148 42 106 83
198 64 93 156
171 82 21 178
90 197 209 184
158 123 194 163
97 164 36 30
142 119 207 40
190 141 188 152
76 109 166 205
129 140 29 30
117 157 87 139
135 209 84 1
38 26 167 8
186 42 184 188
122 5 136 214
136 50 10 212
30 12 182 166
33 179 203 209
82 85 93 108
123 172 54 176
145 38 213 174
197 210 102 48
22 63 33 30
89 46 150 140
164 157 6 57
126 37 217 136
99 19 188 54
110 133 23 91
120 173 181 44
24 182 154 83
12 186 189 83
139 145 87 184
99 195 85 177
163 123 10 92
135 188 130 70
182 120 203 164
150 68 132 84
87 97 4 201
187 162 6 163
182 79 95 3
30 33 26 89
203 141 184 127
60 26 183 78
127 177 219 99
200 140 158 92
9 205 84 207
159 2 181 64
54 213 90 192
142 90 118 107
120 157 22 170
16 73 3 77
51 79 170 76
44 93 50 120
213 145 149 119
4 172 152 176
177 84 189 180
203 73 94 1
201 70 28 101
120 110 46 51
35 217 191 197
116 154 184 205
160 105 193 156
97 177 75 74
195 60 82 49
212 108 18 27
64 183 179 149
49 127 101 98
175 106 189 125
139 193 177 119
64 159 127 196
30 97 12 34
196 103 143 126
113 39 182 105
191 15 16 10
50 95 41 139
148 134 65 49
58 82 192 123
32 196 141 210
94 65 175 220
168 72 103 122
55 135 46 1
193 42 74 9
97 20 34 82
210 220 22 193
115 143 125 189
138 65 87 125
72 149 201 34
209 83 186 178
75 117 220 132
82 3 13 134
183 118 41 81
9 142 13 35
119 191 130 70
123 193 157 11
114 213 106 24
