200
42 146 39 170
149 26 165 82
49 22 153 113
114 27 212 52
79 218 203 124
5 138 44 14
117 188 28 192
96 157 188 50
31 25 108 138
59 163 33 35
148 31 102 174
191 153 8 27
88 172 11 149
51 72 88 93
135 115 192 184
91 96 38 87
158 159 174 166
214 24 153 142
116 31 12 80
147 41 39 160
171 184 211 59
18 56 70 193
47 95 116 79
90 149 104 54
48 8 113 40
157 64 131 35
31 124 57 139
125 35 76 101
210 90 127 59
215 123 14 124
37 136 216 3
44 65 201 209
170 74 44 165
47 100 136 5
143 9 207 9
191 48 0 113
34 28 77 83
3 154 180 164
219 46 46 51
91 47 137 179
182 9 37 192
157 150 5 126
120 152 25 155
143 94 31 176
5 179 105 194
148 201 34 214
211 103 137 190
198 22 62 7
116 8 76 88
71 61 157 2
213 198 55 5
28 182 87 152
10 39 173 165
67 27 164 17
199 176 160 10
116 9 126 18
78 196 125 84
185 217 193 210
97 71 73 198
203 19 74 23
157 69 117 158
111 198 204 177
94 116 63 212
205 48 5 83
161 80 209 81
193 213 115 116
190 28 171 208
48 21 95 58
145 139 167 12
65 174 66 79
191 171 206 180
186 197 150 172
2 84 220 16
117 199 49 171
112 98 159 79
7 143 145 135
57 161 84 144
158 219 76 76
186 21 24 64
33 193 20 14
140 79 40 203
25 1 47 99
149 51 33 125
188 97 108 191
207 82 110 164
107 92 14 204
41 46 68 205
165 135 160 187
105 107 18 142
63 173 63 131
86 44 67 188
167 37 199 150
169 131 51 48
17 156 51 215
96 27 117 49
3 154 214 54
64 36 168 55
74 47 205 32
185 0 66 139
6 57 181 209
91 54 50 220
89 109 152 46
87 97 147 17
68 13 220 186
66 55 6 85
64 104 136 162
182 38 218 118
74 191 165 162
18 79 30 24
149 5 135 219
76 23 209 89
87 107 43 193
8 50 219 56
175 6 213 147
61 146 86 8
172 36 145 115
157 61 3 140
194 152 68 66
98 198 61 134
34 217 123 203
122 166 189 124
52 103 159 147
180 83 139 85
114 112 29 212
72 161 36 219
70 218 58 35
133 133 113 39
22 180 23 170
202 144 78 162
211 106 132 12
9 162 170 167
86 69 14 1
204 71 158 37
64 110 214 118
73 15 85 133
211 147 31 159
119 26 202 11
40 7 169 151
34 178 158 167
73 198 51 161
10 87 137 133
175 59 128 167
31 216 99 68
75 30 124 145
49 31 166 65
216 8 171 15
166 78 17 214
183 62 0 66
211 93 153 144
203 186 198 193
185 193 106 97
138 147 149 43
79 208 122 21
8 57 53 0
201 118 126 35
190 85 66 156
134 98 111 172
119 177 38 131
21 24 39 5
9 26 119 18
191 159 72 34
124 173 20 188
9 107 146 197
73 19 28 185
70 32 101 164
112 205 219 149
106 75 184 71
218 154 189 140
121 81 66 220
197 160 89 171
210 114 85 141
45 161 214 84
36 199 185 173
140 95 51 201
36 194 208 73
70 20 199 143
161 129 69 112
101 215 137 69
26 78 97 219
20 27 16 11
64 158 119 10
187 194 49 67
79 93 149 144
132 44 52 211
48 110 170 207
5 210 203 102
209 102 219 109
75 27 212 146
45 192 26 201
219 150 121 0
130 75 209 131
53 18 94 43
18 52 27 200
135 197 21 96
214 156 102 14
142 187 203 168
110 196 52 132
79 69 186 32
59 101 1 197
27 217 32 140
