200
167 23 165 123
81 63 116 89
109 185 73 161
219 98 135 128
179 97 81 85
193 103 185 4
192 51 109 106
141 94 119 139
211 16 72 210
51 69 45 182
45 103 213 95
121 29 174 148
40 171 188 219
23 167 186 78
48 124 80 85
89 56 0 31
100 69 149 113
80 41 148 47
182 157 191 8
151 41 118 114
46 11 42 103
205 208 102 11
185 3 71 16
150 184 120 218
24 80 130 171
56 115 49 119
220 69 62 108
106 142 11 7
61 64 80 124
67 13 72 167
45 164 88 102
71 14 180 105
134 25 80 81
191 170 7 71
155 212 151 103
186 139 19 22
76 178 148 55
57 16 25 213
51 87 218 90
141 199 116 36
18 128 136 61
139 183 148 99
175 209 73 80
33 156 55 70
108 183 159 210
126 184 173 6
24 166 170 147
93 170 14 34
198 107 185 34
184 159 88 198
120 124 21 47
175 90 89 82
110 115 150 178
142 165 70 162
42 75 50 65
155 30 49 96
63 33 32 34
72 37 183 185
53 16 74 175
46 109 7 21
169 123 156 206
74 86 32 4
131 73 19 88
27 154 166 142
137 69 133 152
126 179 45 31
77 57 142 149
53 49 37 28
121 215 43 165
2 68 215 174
174 98 48 111
143 214 185 22
140 39 88 152
68 89 193 122
165 220 207 154
48 220 117 45
81 117 97 217
108 31 166 52
68 107 69 61
39 97 96 92
177 177 109 51
216 22 211 46
67 76 220 65
132 59 69 27
210 37 160 164
86 139 155 133
212 101 108 12
112 143 113 147
109 53 119 32
218 15 165 148
16 73 195 172
119 12 4 32
36 16 26 104
38 142 92 42
94 12 159 12
35 129 116 1
133 178 13 33
98 16 108 77
138 38 184 211
105 8 138 159
78 129 3 208
138 180 46 172
77 10 114 130
181 3 135 156
125 151 143 77
154 162 64 65
178 116 1 135
47 27 133 103
172 72 3 168
29 67 56 38
204 22 88 67
26 84 56 135
104 190 157 213
31 128 83 203
151 156 91 188
33 40 164 174
110 145 155 56
169 127 163 135
98 185 157 54
29 127 132 133
203 217 80 17
104 110 51 191
131 160 178 29
208 156 3 210
132 213 85 78
83 123 15 20
67 121 10 114
13 160 48 71
173 170 80 71
189 170 219 166
77 104 193 34
63 94 4 16
38 133 62 132
43 84 92 37
17 29 214 21
166 44 66 22
214 23 91 177
70 194 66 148
106 89 158 35
199 192 35 56
207 37 63 61
192 69 215 71
170 77 180 160
34 86 82 85
174 69 2 201
170 193 48 68
91 137 10 18
188 42 169 128
107 80 77 127
82 203 26 18
51 204 106 17
182 144 38 190
18 212 163 43
154 125 87 64
127 99 215 43
215 114 90 6
44 14 165 55
200 151 9 155
138 65 114 115
218 113 115 95
55 148 115 145
163 202 1 47
1 215 53 167
125 189 73 189
130 127 206 104
49 49 216 162
113 56 196 130
32 143 9 31
1 202 99 216
61 204 57 60
184 150 22 180
83 97 190 58
200 73 156 31
204 60 218 139
36 68 69 27
114 26 122 95
125 202 118 118
47 29 31 220
125 187 105 131
166 103 164 78
92 181 120 188
7 201 42 57
159 23 28 130
167 45 75 188
175 137 43 32
204 195 43 119
206 189 72 123
100 99 96 82
22 133 120 29
21 200 165 104
34 173 81 212
16 27 214 27
127 114 42 86
183 56 204 59
50 184 5 166
137 64 106 150
55 200 16 217
216 54 38 131
170 175 120 110
161 146 218 47
