200
116 60 171 39
113 147 14 4
216 200 175 197
127 165 121 9
190 11 16 43
114 197 138 14
177 182 52 28
51 68 109 130
105 200 33 91
150 148 99 30
79 203 122 133
41 90 16 183
154 129 124 168
178 75 179 185
142 132 193 204
185 76 17 38
58 203 87 38
174 158 151 82
159 36 38 36
133 130 47 150
132 199 49 219
38 189 151 6
82 23 210 13
160 93 178 166
129 93 164 33
112 153 162 131
159 27 47 85
201 111 153 190
90 172 67 8
9 95 56 153
197 45 106 108
22 33 49 159
87 26 94 192
214 17 193 3
31 65 65 90
142 55 125 110
31 163 178 205
35 208 59 174
185 62 93 52
74 196 18 186
133 31 218 169
140 18 95 59
49 32 127 149
0 47 104 26
47 28 144 61
121 28 197 54
107 39 60 156
3 13 168 191
29 56 170 19
117 202 28 177
175 65 59 199
37 59 168 185
85 194 94 25
66 168 173 180
158 66 195 177
44 208 51 47
2 183 18 142
124 105 180 208
41 75 20 123
77 94 122 96
183 47 161 135
23 220 128 90
182 113 8 189
77 108 13 210
212 163 65 132
14 215 21 162
139 165 86 45
114 44 27 165
56 137 153 152
74 45 217 180
211 169 216 38
180 159 114 130
74 111 180 42
54 208 190 105
150 46 49 72
25 18 148 74
114 106 202 5
189 183 48 162
186 157 70 156
178 133 195 61
179 163 2 91
39 15 64 117
220 139 120 61
186 40 2 97
23 122 41 115
111 167 100 23
42 20 88 1
176 164 4 4
190 11 107 24
4 86 117 55
0 65 114 68
206 133 63 173
195 23 113 133
201 12 161 113
74 141 35 163
112 216 212 210
200 94 205 132
7 34 110 215
210 96 30 49
105 78 144 193
142 79 178 99
60 128 76 176
166 220 122 24
169 44 151 102
126 22 49 176
2 162 216 178
82 122 23 32
168 45 25 202
114 101 44 117
193 61 8 212
212 207 186 154
203 34 137 111
88 166 137 41
128 86 76 80
51 133 137 33
104 96 25 159
21 41 149 140
178 218 167 118
173 186 9 24
117 140 163 203
121 135 50 146
113 104 21 21
43 80 216 83
165 181 132 135
71 158 142 67
28 65 62 156
99 179 136 85
180 141 130 220
201 71 186 111
154 58 194 97
49 108 64 186
198 173 201 115
77 160 192 133
201 174 84 106
13 19 11 187
45 133 161 35
85 141 142 36
3 29 199 75
77 103 109 153
60 168 157 41
167 194 57 163
180 94 211 51
125 124 170 48
47 109 157 30
195 41 192 161
82 44 130 57
60 198 176 103
104 205 17 0
114 105 171 39
2 69 171 159
80 125 87 21
150 198 174 128
157 22 57 2
98 3 72 75
205 211 113 179
150 153 163 76
141 213 51 1
55 158 33 104
182 187 214 37
107 48 123 42
72 33 187 1
140 174 117 123
47 48 110 217
88 173 187 189
140 26 129 170
124 219 21 145
185 37 217 98
180 6 191 193
115 77 175 207
198 73 7 122
4 110 26 133
2 68 172 135
95 162 119 99
148 143 128 98
41 74 195 100
72 60 24 161
160 202 94 78
135 101 71 15
75 147 53 51
51 64 57 16
91 87 84 62
53 90 111 18
168 147 114 10
43 83 47 128
68 213 153 44
178 17 59 106
85 162 34 163
183 173 66 182
128 106 155 153
141 168 69 102
26 152 19 173
150 84 170 153
43 165 154 64
45 43 102 1
22 0 167 7
184 167 59 211
86 146 96 25
51 15 157 80
218 178 3 31
195 101 146 121
