200
136 101 160 120
4 84 98 66
111 124 214 69
125 185 147 132
7 216 113 64
32 81 198 192
51 39 68 140
57 163 4 198
11 128 159 23
56 176 99 134
10 49 20 24
12 171 107 218
2 153 65 195
14 7 129 19
174 124 196 82
192 73 73 83
216 91 152 123
219 181 2 190
204 166 173 192
134 137 115 123
87 58 115 220
212 157 25 96
14 216 156 190
119 166 64 111
155 171 27 183
33 78 180 216
5 115 203 159
34 193 99 147
121 6 66 64
100 175 55 95
86 138 181 122
120 117 77 24
5 93 112 85
27 44 167 16
170 124 114 201
56 146 7 91
106 130 121 80
98 10 162 148
70 75 47 1
2 180 2 195
113 90 175 71
79 95 87 145
30 51 32 177
157 3 74 166
97 200 118 100
106 30 114 186
45 185 137 73
156 58 177 124
100 168 70 162
91 140 201 143
61 195 213 53
81 182 176 55
153 173 3 36
64 0 6 37
45 120 4 187
181 49 184 74
210 48 14 152
97 210 134 202
92 18 93 37
37 37 46 24
190 98 74 194
15 141 136 107
75 11 54 121
166 75 86 50
101 63 100 201
160 30 137 69
186 101 188 15
54 63 30 76
46 157 47 176
172 160 15 17
4 180 119 34
214 11 119 177
150 59 174 185
92 2 80 169
184 62 105 161
11 213 169 144
98 127 210 198
161 80 45 212
89 180 145 154
34 69 122 185
121 121 50 150
194 208 192 186
150 48 11 98
1 9 191 172
173 84 10 32
99 196 167 135
77 38 219 69
119 11 108 154
80 195 55 158
109 55 171 31
155 110 34 163
165 84 10 184
140 97 160 186
56 80 88 188
60 120 44 108
192 185 208 165
25 171 14 190
66 213 18 167
78 161 64 87
2 52 13 2
132 136 143 121
120 44 214 35
141 190 150 97
55 57 4 4
80 37 70 132
160 181 7 99
214 55 73 209
19 1 97 193
69 118 118 64
67 184 99 189
155 115 110 8
117 46 97 90
193 174 27 17
54 89 23 95
140 42 6 212
104 142 113 16
133 134 56 19
186 204 169 57
159 28 85 180
90 21 127 123
146 137 104 122
90 55 130 0
86 58 117 148
66 167 91 149
84 177 217 92
219 172 106 76
85 22 173 30
12 117 57 73
38 117 74 144
62 34 99 200
149 30 192 175
56 209 185 154
69 29 157 106
95 30 117 91
76 106 165 117
98 188 59 178
88 203 99 209
95 16 79 169
100 56 50 138
197 5 178 167
29 34 190 154
161 136 44 52
131 126 51 195
2 151 188 58
56 129 117 45
118 13 47 4
34 117 77 50
26 219 176 209
23 62 45 91
9 18 141 128
182 109 66 156
104 151 152 51
196 60 96 157
97 3 65 87
38 177 110 213
111 77 196 187
69 123 139 198
31 164 27 93
102 101 198 174
216 215 191 12
45 171 180 76
55 202 61 191
64 91 18 115
150 42 6 123
17 91 68 11
140 204 85 35
175 216 66 152
180 6 103 162
153 109 46 128
20 139 34 207
86 77 20 30
116 174 61 167
181 47 133 78
153 174 204 195
56 117 69 42
18 76 38 155
193 154 175 209
171 213 109 28
110 58 72 52
9 192 153 128
84 42 95 172
34 73 115 104
206 30 77 79
19 121 142 160
180 203 43 40
125 124 133 144
114 41 208 112
50 33 166 147
71 161 99 7
38 196 186 143
210 188 67 142
133 117 73 214
93 4 130 109
48 199 195 194
31 144 46 7
81 39 10 130
157 49 213 174
61 62 44 193
156 10 42 14
161 38 201 115
