200
30 84 13 9
192 216 82 180
12 138 9 70
118 173 131 79
115 213 113 80
128 117 166 219
120 167 106 26
188 33 210 208
49 78 0 84
191 215 204 104
55 206 208 162
159 30 24 20
161 190 26 125
3 38 10 165
128 66 56 190
52 206 41 32
164 131 149 62
85 164 186 106
52 207 190 66
64 73 154 176
158 196 134 137
71 104 167 159
129 154 153 82
119 196 115 64
88 53 87 187
169 211 63 189
103 92 68 4
214 69 186 73
71 151 26 187
122 139 11 108
71 24 26 190
22 105 196 25
93 171 153 13
34 205 173 205
101 70 36 214
118 196 82 124
27 166 38 27
104 172 191 81
207 102 166 217
156 84 105 11
174 183 99 161
148 42 123 93
26 168 72 13
168 68 46 162
209 44 68 81
3 199 7 142
92 168 144 196
182 75 3 62
50 35 112 73
0 153 144 125
129 196 167 105
123 46 58 107
144 154 34 42
43 55 93 63
69 147 7 106
126 184 209 10
168 141 55 87
108 25 188 34
51 138 69 7
137 71 217 131
145 60 84 158
51 194 120 75
172 55 188 29
192 102 4 192
174 118 192 147
69 85 66 218
72 199 109 193
112 128 175 101
131 20 117 178
20 75 144 123
175 31 153 91
36 32 161 169
201 39 24 119
214 50 215 141
124 111 122 83
122 89 42 83
136 105 61 206
146 219 106 46
170 3 128 218
166 192 20 14
19 42 157 78
87 145 68 66
9 126 114 194
157 56 128 53
134 187 71 135
102 8 149 185
87 9 32 37
188 126 3 6
26 110 94 42
38 102 139 171
174 72 146 132
123 31 108 219
126 190 209 180
90 58 35 119
40 84 58 57
171 67 119 117
71 182 6 154
154 48 94 27
15 28 169 10
89 186 156 8
208 112 146 69
106 89 145 102
17 27 109 90
15 44 207 176
2 68 3 63
206 12 105 161
63 209 35 213
164 102 135 132
130 23 170 11
194 172 187 104
56 161 218 101
148 17 178 18
88 111 185 158
78 39 88 66
127 105 158 167
212 33 32 215
134 76 202 146
194 12 26 54
162 104 218 152
183 26 131 73
151 158 64 179
85 195 116 81
153 101 152 57
145 155 87 14
93 37 148 210
131 73 52 10
65 159 196 171
91 154 193 44
4 209 187 166
204 34 162 217
170 56 105 179
182 109 106 117
216 139 52 96
75 51 123 114
130 123 173 202
101 190 196 135
6 75 147 12
8 204 133 58
62 33 13 215
142 168 74 202
214 55 17 140
17 77 175 73
201 94 141 24
134 168 114 39
44 218 7 177
143 54 51 88
50 15 77 53
24 52 156 88
7 183 218 128
78 211 144 55
135 176 209 208
166 116 84 119
31 89 41 136
0 150 40 101
52 42 199 119
93 175 179 87
88 117 153 105
18 16 56 202
220 16 5 181
68 212 110 97
72 24 142 197
150 81 167 106
109 71 169 135
162 152 105 56
142 199 44 206
59 65 145 145
125 95 200 181
201 6 32 66
23 206 119 187
128 74 203 160
160 60 69 132
146 133 43 178
110 42 122 185
192 212 52 80
127 18 126 178
59 95 148 124
218 137 176 207
1 199 2 31
163 186 154 77
208 83 35 204
140 94 113 7
124 96 138 120
83 189 187 58
10 87 121 43
207 38 76 140
23 207 75 201
95 16 12 135
60 68 33 139
99 35 121 128
215 8 94 101
30 13 170 46
157 107 30 30
138 45 2 219
13 8 179 82
67 182 26 22
108 190 59 33
61 77 53 15
79 44 162 72
218 9 158 137
159 184 139 147
