200
201 138 123 189
218 130 54 163
42 116 211 131
11 9 59 80
77 20 14 176
100 85 152 7
146 143 215 199
23 174 138 113
63 213 171 124
90 193 23 190
127 128 43 15
129 207 69 60
170 101 204 91
19 153 135 214
134 107 163 63
136 204 102 216
203 73 129 72
137 147 72 73
155 3 43 107
91 167 101 174
27 132 197 141
219 98 26 30
135 117 130 165
3 16 138 210
107 23 95 176
190 164 52 131
153 122 64 53
89 82 10 121
59 179 69 161
93 15 46 147
44 31 51 35
138 25 55 92
95 29 134 176
11 180 45 187
53 175 71 155
47 14 45 133
97 120 3 31
64 135 45 18
170 51 8 86
36 140 20 3
113 205 180 137
216 174 54 175
182 105 196 155
77 83 200 37
127 53 181 85
99 204 108 124
123 97 120 179
186 75 56 178
53 75 157 120
104 13 48 153
77 218 171 23
186 207 109 65
195 134 7 173
72 133 99 172
75 192 203 56
105 17 10 34
113 31 175 17
105 42 173 81
141 211 186 114
51 4 103 72
87 205 55 12
104 198 134 195
9 37 47 192
53 179 166 24
44 179 122 164
117 5 98 83
122 25 214 216
14 21 185 174
104 111 217 119
212 93 110 152
45 84 49 12
115 19 214 111
111 134 25 213
4 69 54 73
218 140 18 122
41 139 38 93
182 130 106 9
206 36 16 166
109 134 6 23
209 25 126 144
85 219 189 162
125 193 188 209
199 131 44 74
218 20 52 9
90 174 13 165
204 41 143 42
35 208 115 106
118 141 37 132
98 42 30 181
19 140 46 179
57 159 145 198
35 44 37 174
53 209 11 220
196 46 59 115
143 87 13 173
181 144 197 170
135 61 209 122
167 156 35 1
96 80 98 17
146 164 174 147
191 152 61 24
214 92 95 105
169 180 156 195
129 85 15 193
132 189 156 155
176 192 41 209
20 66 111 147
91 93 106 74
50 210 161 214
125 118 217 133
8 76 104 78
204 57 175 55
35 81 80 70
99 103 171 191
70 3 4 118
58 158 79 77
82 18 205 192
27 32 126 64
21 39 114 165
56 87 201 200
168 196 19 154
161 3 215 69
170 189 149 24
197 87 119 195
7 182 97 146
159 53 41 30
149 124 70 18
135 125 75 182
41 44 163 55
105 144 157 79
10 93 217 147
88 129 10 174
43 177 128 134
22 54 188 173
152 165 179 151
42 119 180 166
219 211 203 145
134 158 194 77
104 186 2 194
114 6 211 166
127 211 181 136
76 102 99 159
198 69 9 21
213 195 7 68
173 51 147 42
43 95 104 195
202 206 207 20
212 52 91 91
191 57 96 62
153 0 177 103
159 28 72 15
42 20 201 152
1 151 105 63
30 35 46 211
141 53 165 77
60 75 206 154
98 44 136 207
101 157 186 217
18 177 78 98
113 81 91 96
123 28 18 123
142 169 80 212
131 15 175 56
45 38 107 132
54 169 177 9
65 29 143 47
94 134 141 10
177 72 99 185
33 167 134 174
142 163 178 55
84 100 211 68
3 9 22 139
187 192 137 175
185 138 199 28
148 148 69 66
15 21 202 217
167 109 125 213
157 207 119 83
83 25 171 78
182 17 14 89
117 56 195 126
91 119 191 175
190 100 192 24
166 15 54 90
157 179 27 103
96 112 100 218
213 212 2 101
143 114 52 51
132 91 31 59
153 116 60 207
166 73 63 178
131 30 155 119
134 181 138 76
104 189 64 64
165 162 220 12
147 65 114 89
208 75 200 219
70 163 4 21
193 201 36 176
79 61 62 22
