200
139 176 5 12
1 25 43 156
143 77 132 110
101 137 201 144
208 46 142 49
4 2 189 34
213 56 154 36
57 205 128 170
149 131 112 202
112 8 57 145
29 112 189 187
82 166 47 169
137 118 86 61
9 59 13 80
196 216 72 109
174 130 105 189
206 33 47 83
34 30 101 163
48 140 213 187
117 196 183 191
212 16 5 125
201 26 102 168
74 132 14 142
160 106 126 156
141 99 182 100
187 59 219 131
112 93 188 160
68 203 162 155
62 104 37 39
78 4 23 195
171 61 66 39
91 51 159 167
118 21 201 110
148 213 95 113
37 103 101 64
209 109 68 39
115 113 169 5
73 218 64 203
2 71 107 136
31 219 162 50
144 92 202 153
109 82 18 70
7 95 70 198
9 123 156 78
32 76 78 70
82 26 134 163
179 202 111 33
166 91 216 105
207 30 86 25
97 68 42 139
216 113 106 38
86 105 3 74
164 148 185 155
104 213 190 123
43 175 166 25
19 176 86 51
118 147 43 31
73 28 26 23
115 219 51 142
98 177 37 89
85 57 99 159
19 200 46 68
192 115 175 33
151 156 105 153
99 129 185 151
13 91 198 27
69 90 217 188
141 203 68 18
37 38 137 67
20 97 158 201
209 209 2 138
217 154 184 40
17 140 98 46
88 37 75 32
110 76 21 24
73 112 180 18
112 174 161 68
207 184 26 88
154 152 197 11
170 104 40 44
22 101 133 81
127 6 129 186
195 188 131 38
51 144 67 143
213 220 117 204
10 76 207 126
116 65 85 79
64 27 91 211
154 194 190 11
67 54 78 125
185 212 59 137
43 75 97 9
145 143 3 84
142 180 50 189
66 40 200 95
42 56 89 10
143 74 128 203
214 42 1 69
75 62 152 180
128 98 131 50
126 54 180 185
220 122 188 4
216 146 198 149
0 156 176 91
135 38 159 171
77 75 166 69
74 56 103 206
110 186 153 186
9 206 161 206
97 78 122 208
53 9 174 43
81 75 209 37
41 12 41 5
139 141 72 117
195 102 17 35
92 73 208 100
87 41 156 92
56 183 42 66
54 89 112 181
92 180 140 151
40 206 38 141
71 145 107 52
51 179 97 92
122 197 190 31
35 86 21 192
103 181 152 27
19 122 120 180
88 219 82 187
40 172 64 78
155 210 49 43
171 92 184 118
52 28 200 5
16 30 70 82
27 13 155 144
204 89 219 167
140 101 103 43
108 130 165 193
143 39 40 95
167 175 217 95
196 219 198 209
30 105 99 15
142 208 94 46
59 70 105 162
48 69 7 111
57 169 108 0
3 17 108 175
192 9 108 0
207 22 210 24
202 128 75 12
71 52 111 97
102 193 163 174
20 205 151 195
89 98 81 136
94 101 94 81
27 167 215 146
28 117 198 49
3 139 41 71
28 122 34 109
164 18 88 21
193 111 177 27
172 201 121 82
188 182 98 138
89 28 49 177
182 61 53 145
139 82 39 200
113 204 164 118
39 24 154 86
58 133 33 109
168 12 209 107
56 4 185 84
93 177 116 27
164 87 53 219
11 139 186 61
159 156 189 4
47 42 52 205
94 151 29 177
156 14 158 28
140 182 83 34
154 108 170 217
22 62 163 151
144 166 11 168
179 109 172 118
159 141 52 87
5 57 26 97
149 52 17 135
4 171 42 45
183 33 123 66
129 3 24 220
67 197 135 110
99 215 106 131
67 169 214 199
67 56 141 134
66 185 193 43
42 180 73 211
36 135 164 115
176 71 30 175
42 109 30 104
161 180 74 115
118 202 168 145
38 138 147 141
