200
0 113 129 78
195 11 171 209
56 120 7 104
208 54 27 146
205 195 136 98
66 215 133 76
38 32 186 79
52 10 137 90
41 187 218 125
209 111 29 144
49 147 176 203
162 124 192 198
54 173 29 20
22 13 134 182
144 21 75 180
103 8 219 28
211 107 86 42
23 192 120 47
177 111 23 0
199 121 86 129
112 61 27 27
104 14 75 3
188 88 134 119
140 106 160 181
131 4 20 208
80 213 4 131
137 194 26 204
206 154 211 133
165 147 118 34
82 19 68 98
163 54 40 80
178 138 112 178
193 28 38 37
210 41 21 142
140 95 101 159
81 220 85 30
108 124 39 153
19 168 138 65
94 215 46 142
177 34 95 89
220 1 92 116
55 208 129 82
173 213 215 11
162 58 101 116
43 125 52 35
150 127 149 91
149 86 16 164
110 44 211 74
138 119 144 18
161 86 95 157
212 77 208 198
149 112 173 118
61 0 45 151
166 68 6 114
24 181 59 22
3 160 150 199
15 90 35 53
39 20 37 148
135 215 201 44
74 17 17 131
184 54 118 92
195 211 123 155
13 194 96 34
23 183 86 109
85 97 175 136
116 145 136 25
55 46 184 201
120 109 56 62
172 52 84 128
142 205 145 142
143 212 79 202
112 180 59 65
33 17 41 72
17 204 61 173
89 16 199 184
104 30 179 54
130 40 160 61
198 133 197 186
122 129 163 12
24 198 152 72
202 171 9 92
2 55 25 128
127 145 46 29
63 138 38 50
214 161 173 67
125 21 206 105
62 46 199 193
193 138 164 172
161 87 184 157
116 135 48 121
206 15 208 111
217 176 123 9
195 191 83 48
55 194 128 72
126 27 86 94
170 115 139 50
34 195 122 104
112 113 34 133
132 119 134 176
159 182 100 56
116 166 107 129
158 177 220 145
171 150 220 5
200 97 127 55
199 130 96 202
128 211 49 168
211 41 41 94
34 78 89 205
88 156 149 156
189 131 128 169
95 14 68 169
143 133 73 181
70 192 169 32
195 116 60 219
24 126 11 199
72 118 93 167
176 35 151 142
39 188 184 109
146 36 131 108
113 136 211 12
79 157 215 41
134 76 207 171
56 27 131 178
186 199 105 138
206 114 148 23
118 127 140 20
168 58 184 67
23 183 8 103
144 220 204 98
110 122 135 22
206 79 145 212
183 49 40 35
139 26 190 14
201 135 109 196
2 215 58 207
26 10 187 155
138 33 197 75
17 140 49 111
35 205 23 191
22 201 202 190
139 101 101 172
153 6 173 95
107 9 33 74
55 99 151 53
200 171 81 73
168 218 107 209
90 217 196 132
184 217 109 53
45 102 70 69
37 213 184 209
220 96 136 97
38 19 63 77
134 138 56 141
63 1 27 215
142 215 43 191
43 195 7 65
65 169 63 113
56 167 39 210
43 21 109 128
56 220 195 112
55 213 42 89
73 78 7 98
68 201 193 202
150 45 86 122
38 191 56 165
210 68 220 83
220 127 134 161
168 56 157 2
69 117 36 62
50 117 178 129
67 33 186 26
66 47 172 126
193 134 73 34
64 121 189 197
154 57 70 152
6 4 55 50
211 33 60 115
211 61 206 110
21 101 114 186
69 98 187 18
115 88 174 203
181 113 87 110
176 69 15 130
196 76 128 7
122 69 192 133
121 125 16 164
5 30 205 196
38 102 171 176
180 69 205 165
213 39 77 102
202 132 109 106
56 62 145 83
67 61 154 115
60 115 177 131
199 195 142 54
89 149 216 164
30 124 16 168
17 31 36 50
61 48 94 170
115 209 158 5
