200
102 23 185 24
198 42 175 109
12 134 57 112
195 97 8 134
8 25 146 201
79 5 98 33
214 7 152 81
55 6 159 129
197 9 160 96
127 66 209 149
194 57 194 57
55 206 69 155
110 202 131 139
29 44 4 125
113 86 34 28
147 97 103 103
139 133 117 148
36 120 15 23
41 182 161 152
105 36 113 23
172 120 97 80
109 48 201 81
25 128 38 143
37 124 107 91
42 105 112 142
172 176 184 66
105 18 146 90
193 188 82 33
94 33 51 183
190 211 180 87
215 131 152 205
196 153 91 177
111 214 17 212
96 176 25 88
107 138 30 158
91 176 161 112
217 44 14 185
180 193 171 69
13 45 92 21
33 151 106 212
48 206 33 189
69 60 71 138
55 104 143 2
44 56 139 87
136 87 197 105
84 184 37 203
220 86 102 107
52 63 136 120
108 97 218 97
140 131 115 107
138 121 135 171
44 210 173 78
179 115 40 28
95 175 88 62
179 169 134 57
202 166 159 57
162 30 91 2
199 166 21 92
105 216 83 17
181 2 4 13
53 188 35 27
171 66 136 91
44 179 171 55
205 3 119 154
191 134 150 79
116 35 144 159
138 26 53 44
52 26 109 18
43 120 183 54
152 90 20 47
184 170 53 89
118 171 90 59
141 109 117 116
27 126 62 76
216 86 128 35
61 128 8 114
190 63 68 103
100 23 10 204
141 187 87 160
6 37 211 175
118 88 23 71
13 3 175 25
87 109 213 104
4 122 45 173
89 175 129 16
68 22 90 129
106 175 195 53
116 190 33 97
169 73 71 200
105 31 129 6
199 158 150 115
52 127 156 217
3 99 140 52
179 103 128 184
105 61 133 220
108 12 154 207
39 17 166 7
168 220 90 151
215 40 7 131
42 39 51 13
143 186 1 49
23 21 138 24
147 84 43 87
68 219 115 118
40 23 62 7
178 145 194 123
89 130 71 212
135 32 155 105
145 203 5 55
171 201 9 186
10 24 46 58
61 129 81 15
124 189 62 64
91 181 26 192
97 160 44 98
85 70 85 25
55 69 188 170
114 67 25 123
112 188 127 107
172 174 174 83
195 42 23 76
160 204 91 79
5 173 194 204
90 110 39 58
74 80 156 174
195 28 123 193
182 81 27 79
105 21 36 119
30 137 174 44
86 76 86 2
36 142 96 96
114 90 118 101
84 140 73 202
175 20 107 188
89 24 7 72
8 73 29 61
163 180 69 96
105 5 162 193
162 213 40 39
68 179 0 85
58 97 53 123
180 22 3 4
182 10 160 32
156 120 130 5
25 94 178 159
205 87 159 187
143 219 108 35
74 177 116 17
85 70 102 121
70 91 38 153
9 185 25 98
79 168 7 115
186 155 130 54
182 6 48 147
113 88 163 107
59 146 123 44
123 5 178 40
109 59 21 169
33 67 165 145
173 102 126 23
131 32 209 192
218 169 31 81
119 188 31 20
163 30 120 99
102 13 116 201
151 8 205 84
108 206 148 166
40 174 215 79
76 123 134 215
185 6 0 75
27 79 56 114
98 139 135 192
67 215 131 64
75 210 147 1
163 64 82 81
41 43 3 86
40 14 90 199
172 3 142 188
214 91 15 36
120 199 86 73
182 110 97 129
143 39 62 181
193 29 216 17
198 186 159 194
141 119 139 148
217 40 178 208
99 9 170 33
104 134 208 63
45 121 146 184
100 123 37 143
200 72 109 147
82 115 174 53
52 75 11 92
170 202 139 165
79 188 81 33
188 191 169 176
94 150 174 122
142 196 35 15
170 114 105 31
23 61 154 117
