1600
104 585 609 414
14 518 530 351
185 23 502 244
556 362 317 55
8 125 245 491
576 242 59 251
369 316 461 57
232 277 51 344
332 48 561 594
292 150 346 36
19 232 131 613
469 159 456 103
220 258 558 283
190 598 59 40
372 266 17 207
56 450 1 550
500 495 386 177
116 424 416 393
557 470 334 448
56 572 80 557
377 534 28 370
389 305 132 77
236 236 550 133
270 620 431 450
564 594 301 380
550 515 300 279
271 412 206 194
390 393 585 198
416 587 343 239
29 236 188 69
553 143 533 10
186 96 378 125
526 83 322 57
427 430 483 583
444 97 371 71
68 204 255 238
258 93 202 400
74 594 596 311
168 35 406 354
360 467 582 192
364 60 341 604
429 340 453 423
86 463 410 159
515 327 144 501
121 107 479 209
218 592 215 477
503 200 259 336
33 55 266 557
497 137 376 427
227 289 492 76
572 589 264 560
358 186 377 515
574 611 187 188
182 292 404 397
276 141 335 283
528 49 384 179
143 509 95 60
187 483 265 83
247 181 502 417
327 377 620 239
574 318 528 551
334 392 576 587
404 290 430 27
577 319 588 234
296 157 37 94
445 175 443 396
309 415 243 328
263 41 410 251
454 172 411 551
256 534 22 179
507 465 516 603
243 333 290 302
99 214 76 367
160 99 50 180
510 150 98 18
538 526 475 222
250 195 506 7
4 464 406 503
164 591 288 213
602 152 605 37
411 602 161 298
149 166 458 60
352 219 168 151
311 420 454 296
186 537 229 424
221 82 326 458
410 77 433 97
604 600 232 438
112 310 235 548
466 426 179 149
19 558 289 458
92 304 326 101
355 565 289 476
86 131 247 509
594 59 85 261
300 341 453 188
190 498 469 553
259 410 542 199
214 547 98 477
143 208 137 550
466 269 129 275
331 396 367 441
503 505 415 581
506 181 284 557
517 457 169 477
296 498 263 293
18 231 493 368
492 511 67 559
31 498 599 99
615 500 420 291
445 158 276 125
274 59 67 541
274 321 497 372
460 20 231 446
139 527 32 491
269 269 517 373
39 151 574 367
575 450 605 510
591 52 178 549
162 98 346 300
460 172 34 32
432 302 609 449
123 586 51 244
309 294 368 86
533 14 4 128
460 207 168 211
398 566 455 31
397 144 157 173
357 330 140 89
100 551 327 520
399 267 351 114
547 265 256 330
373 197 150 532
245 296 118 297
69 142 595 227
423 310 232 456
92 338 477 368
145 458 93 471
425 497 205 227
349 575 320 610
100 189 38 48
351 306 53 231
471 298 83 319
520 449 134 37
158 510 553 49
177 192 598 77
410 502 511 426
555 172 493 227
168 18 87 281
38 436 94 560
608 276 174 604
41 454 383 48
400 531 39 103
117 331 236 109
111 337 245 122
262 104 336 149
36 62 399 480
375 482 414 128
546 406 301 5
489 517 283 413
392 0 403 306
536 263 521 85
208 284 337 502
16 171 454 324
226 240 284 191
181 557 585 128
465 480 482 44
374 587 324 17
539 46 335 333
602 211 126 243
307 287 466 617
438 5 326 232
508 365 20 175
22 129 557 88
516 344 522 208
49 282 390 498
609 347 174 461
310 355 568 24
573 228 338 58
77 145 508 123
549 383 450 306
76 450 135 385
466 306 381 501
27 311 464 404
316 103 214 563
78 142 395 286
306 166 509 556
114 161 303 598
328 486 493 188
513 103 520 607
224 581 363 67
319 209 334 313
285 570 137 228
506 259 399 262
532 69 366 229
456 156 389 157
50 356 237 595
335 227 575 517
606 229 291 196
514 282 212 472
351 559 466 598
536 419 73 486
243 411 121 131
353 282 396 564
104 348 514 577
478 577 336 559
151 103 483 186
130 334 197 370
282 134 323 17
335 101 490 563
69 260 465 58
335 170 126 509
428 574 315 283
230 113 262 400
210 26 10 190
64 505 130 136
46 608 142 178
398 513 139 605
342 580 287 263
189 286 593 422
526 433 40 320
397 295 421 154
576 332 460 490
360 88 94 276
255 4 325 219
49 89 594 40
219 95 237 25
611 186 613 535
216 570 599 64
518 248 425 199
91 425 134 297
54 296 356 494
120 361 39 292
227 9 370 78
458 247 594 611
456 361 345 273
435 380 221 72
490 551 63 575
614 362 190 121
263 430 450 525
454 251 250 310
290 6 78 584
546 230 191 145
571 90 231 564
386 120 549 49
412 483 227 316
285 263 415 138
197 319 114 598
453 530 474 12
315 204 205 138
392 422 184 403
385 394 400 257
336 547 399 267
223 481 205 361
506 38 48 196
167 249 54 317
430 89 392 385
189 301 273 434
225 192 560 366
295 333 276 341
542 474 16 408
203 457 119 39
558 599 32 292
362 352 147 597
486 207 439 585
418 321 202 100
271 243 158 245
299 298 80 352
237 201 226 530
35 346 324 618
319 561 92 116
440 533 343 243
204 443 328 189
435 151 355 285
487 201 487 355
401 458 97 6
9 502 281 586
166 138 400 578
448 363 139 279
597 174 606 581
138 594 594 451
307 97 152 101
544 596 309 185
80 579 13 339
82 229 441 432
50 363 137 459
373 593 82 575
25 283 389 139
217 53 598 241
591 183 256 568
478 164 617 29
39 44 13 9
66 502 401 237
432 194 453 131
543 525 45 192
327 385 253 285
577 187 344 500
214 280 325 481
199 79 394 471
583 198 577 243
518 360 55 236
384 159 238 372
226 426 433 82
460 457 199 475
191 295 385 249
257 389 137 363
87 139 213 190
176 214 26 171
12 109 536 381
228 278 3 81
185 589 573 128
336 116 134 177
607 194 12 195
602 165 184 250
108 458 576 63
36 14 315 57
144 275 393 274
158 536 83 500
567 38 253 265
587 152 412 217
579 93 271 179
243 303 597 46
519 283 332 587
142 67 275 255
410 29 397 273
310 562 407 168
231 192 573 425
268 454 169 298
328 390 240 603
114 334 363 354
289 487 429 525
386 534 507 499
573 200 120 481
325 488 281 304
370 460 379 47
251 585 606 514
608 186 363 605
36 227 271 388
326 553 276 382
25 366 574 229
227 569 609 132
160 391 395 234
439 155 207 602
46 536 192 101
171 604 384 406
330 90 585 38
24 358 524 96
237 215 403 185
373 208 298 320
620 578 365 8
425 114 95 78
268 374 269 40
612 206 66 312
174 275 391 603
100 38 117 248
490 237 134 362
15 147 108 221
607 166 198 20
358 16 430 303
265 361 168 445
377 67 73 119
406 295 392 479
255 462 483 371
372 445 618 63
358 168 305 511
346 544 92 613
540 136 293 74
85 49 306 558
131 513 286 44
220 252 3 493
347 544 608 266
23 385 322 144
100 27 508 417
432 184 486 57
58 541 40 605
298 531 247 361
297 444 296 439
448 99 241 161
257 512 512 84
280 588 442 348
324 478 297 434
521 47 482 266
513 450 329 5
151 44 165 501
521 25 535 94
127 284 304 63
326 105 339 230
296 108 145 312
449 130 473 583
252 106 191 324
445 57 66 517
613 411 154 504
342 327 290 366
49 576 559 582
152 345 468 238
325 455 203 400
510 304 508 405
74 545 197 612
546 541 140 273
507 43 477 140
301 87 22 333
152 571 84 527
455 562 389 66
213 144 440 134
497 530 237 233
172 85 567 29
439 563 232 23
360 122 358 339
388 515 277 13
41 492 300 473
517 457 213 596
179 481 466 463
3 404 36 496
563 173 191 379
263 385 521 171
464 594 598 283
610 272 474 247
323 395 403 184
143 399 283 275
142 202 378 259
299 363 325 336
526 431 350 544
71 318 62 568
498 216 311 115
490 320 527 97
0 552 59 501
540 519 310 210
345 487 550 527
392 236 383 158
269 534 232 542
524 246 183 148
20 366 471 123
354 112 124 379
118 597 472 195
60 563 401 8
360 433 110 186
432 221 2 245
40 87 579 420
470 165 620 490
594 553 536 353
360 102 319 383
222 567 60 441
462 437 464 174
7 186 417 271
270 444 446 563
152 4 568 198
512 316 266 119
247 5 144 532
562 211 539 541
478 76 452 594
273 231 464 418
542 229 40 555
367 327 17 53
309 82 488 497
504 140 80 490
375 392 336 78
227 368 67 100
117 450 569 594
47 409 440 165
68 125 335 462
132 7 486 580
588 30 1 105
577 7 166 148
267 310 300 460
355 188 473 146
46 214 246 11
93 480 282 37
538 485 320 8
324 268 400 579
515 561 518 324
250 321 56 160
571 177 545 385
30 471 24 381
514 199 241 613
524 249 59 300
605 266 467 344
466 548 92 493
195 603 425 191
172 227 283 520
358 21 243 376
589 220 357 337
483 442 334 61
283 414 522 558
34 598 15 48
156 498 173 326
107 101 370 41
170 369 103 175
101 307 205 411
52 65 262 568
383 63 157 92
310 156 536 555
174 613 36 21
104 75 614 574
42 613 367 389
62 102 292 569
57 299 601 457
527 182 296 527
139 145 467 566
136 521 112 472
521 600 119 455
151 173 361 40
214 38 0 103
593 449 117 561
420 510 429 489
352 476 539 328
57 592 545 397
585 246 50 44
7 268 111 494
615 514 503 66
576 278 578 542
469 277 389 527
331 432 494 459
478 272 278 348
15 522 530 265
185 182 234 92
350 30 446 258
513 5 354 602
512 16 524 162
499 455 139 142
511 375 1 76
18 468 559 530
107 448 290 237
17 124 40 356
471 382 426 475
563 203 358 557
462 116 137 503
0 187 384 177
534 206 513 535
363 513 466 17
194 132 241 591
362 505 230 170
616 110 387 501
468 280 258 84
369 523 604 88
389 183 248 356
613 32 530 70
443 216 340 539
413 159 620 580
466 302 317 441
435 262 502 230
567 35 605 30
505 244 206 584
165 314 616 117
160 14 393 250
420 394 227 420
308 121 184 492
516 347 564 33
455 40 351 427
483 521 554 160
95 207 179 130
27 9 403 443
84 127 596 313
575 552 398 429
555 398 243 257
240 401 418 116
281 511 162 179
437 152 212 295
504 91 344 426
245 217 153 249
150 594 495 23
507 34 540 124
28 163 574 122
295 16 341 209
448 512 64 541
313 256 539 428
572 505 569 269
423 430 502 603
237 138 67 475
88 123 464 498
0 537 472 216
603 459 588 89
193 520 335 487
273 545 286 204
467 199 434 401
176 246 366 401
355 263 0 570
581 331 84 567
379 217 343 363
120 438 292 71
434 529 39 261
243 545 413 346
166 38 198 444
132 345 130 304
482 444 48 91
290 79 416 398
264 550 79 578
389 436 477 598
137 573 570 495
205 448 462 439
346 355 451 208
460 618 294 196
61 169 355 453
54 244 301 71
302 543 327 109
410 74 610 400
444 107 309 166
94 199 309 563
562 127 227 19
23 253 281 512
515 541 330 465
45 496 548 144
341 531 6 565
354 204 555 527
612 526 418 373
226 378 9 60
401 263 514 585
545 258 398 103
529 122 387 370
495 285 184 170
56 82 176 182
512 32 570 75
406 204 609 307
383 193 500 467
322 332 312 606
81 110 88 395
384 4 576 112
496 380 16 470
19 238 102 574
425 489 300 357
165 434 244 75
441 579 145 616
363 167 258 370
86 480 583 493
227 306 492 131
376 34 611 105
508 164 460 546
85 125 68 369
176 267 106 595
596 503 599 551
155 121 524 494
140 209 469 342
33 515 79 376
547 96 426 301
300 272 463 282
327 335 201 133
353 78 491 466
13 170 75 115
407 267 195 106
460 131 509 22
601 283 220 475
256 376 68 118
85 503 204 300
263 463 59 39
491 195 67 343
197 268 425 544
77 90 388 588
467 299 461 396
496 384 323 295
203 47 361 348
60 91 368 68
229 15 371 567
14 28 156 520
293 407 127 126
349 273 329 385
539 444 265 258
552 354 251 366
177 516 354 119
438 511 518 290
619 272 559 574
410 248 585 66
22 197 241 188
135 452 69 392
388 341 434 87
522 434 82 233
190 489 575 594
327 152 450 279
468 1 545 553
403 108 321 619
223 515 538 353
442 620 83 370
350 408 602 348
175 124 329 265
537 536 614 45
393 332 529 427
539 60 397 73
267 582 557 528
368 169 171 280
422 569 559 498
48 503 102 350
186 313 392 202
540 123 124 362
98 360 209 293
517 263 36 83
519 186 513 357
228 571 551 464
24 376 565 29
156 412 432 527
11 457 36 564
334 271 493 191
349 52 137 19
160 217 602 564
349 341 15 160
159 517 487 532
229 193 283 318
202 590 131 489
391 184 375 598
431 42 121 439
612 416 255 412
183 26 309 145
516 422 170 195
370 197 591 273
285 400 289 177
612 539 354 212
461 559 359 234
534 585 61 102
86 277 130 25
203 119 352 141
291 213 595 387
535 213 247 236
215 497 158 553
264 194 528 523
533 315 347 36
101 503 58 334
163 356 59 307
65 286 372 596
317 375 433 551
343 492 27 89
529 46 2 275
289 390 526 446
615 94 552 539
597 307 37 223
24 217 618 113
548 311 28 606
270 545 442 372
551 152 323 186
531 558 620 150
321 540 157 603
126 431 310 189
69 448 205 477
612 233 313 29
41 228 454 35
414 326 45 419
6 493 600 287
345 117 521 128
614 485 373 537
79 146 164 385
185 529 239 8
73 1 450 266
206 244 414 488
613 17 134 575
392 361 165 476
168 299 602 108
64 614 459 287
239 32 187 559
553 300 524 153
465 7 568 339
235 365 274 63
584 178 193 587
581 240 35 520
218 11 486 410
349 236 81 402
451 366 20 247
135 58 230 94
447 10 350 460
571 347 235 343
184 114 400 217
511 445 244 495
14 4 495 181
288 572 598 124
57 136 442 481
362 167 182 271
445 458 419 572
485 504 232 582
283 493 173 530
51 580 430 223
215 341 606 592
149 321 367 576
262 613 479 7
199 344 44 22
350 303 67 354
361 417 372 234
188 272 217 510
84 52 344 445
259 49 565 6
335 209 561 14
429 276 124 52
410 344 382 176
485 514 376 273
146 428 268 591
427 123 1 156
11 88 157 156
384 105 60 173
73 173 329 267
17 613 31 323
547 616 556 273
337 79 362 428
574 64 12 620
272 440 230 298
197 76 544 587
324 525 465 159
54 364 31 541
396 419 128 433
464 5 453 454
427 185 511 393
471 413 372 535
132 80 143 8
428 381 577 568
385 20 268 268
617 579 592 518
152 195 434 422
179 163 147 324
441 248 25 521
307 3 549 431
185 247 340 68
374 407 249 71
405 6 605 208
338 264 14 165
430 555 197 349
576 141 93 350
61 601 498 314
118 254 490 111
613 237 506 415
38 203 450 0
610 259 59 594
155 70 279 368
234 615 281 389
330 307 253 340
275 617 388 403
617 372 227 37
420 171 489 578
329 571 160 387
63 167 13 220
528 1 187 270
18 342 22 447
278 213 292 575
25 27 344 498
503 446 378 576
35 578 324 337
308 574 185 264
418 320 314 309
236 129 371 203
123 525 464 255
583 557 129 149
527 20 406 470
162 22 236 55
37 537 215 459
78 330 330 604
543 292 544 613
468 585 334 561
64 507 178 507
435 44 583 88
555 362 305 18
374 352 181 446
402 371 202 52
419 250 556 254
401 557 495 371
215 426 196 416
604 83 93 229
100 359 206 211
365 504 449 13
301 533 472 486
45 394 541 192
103 341 272 123
354 374 49 6
143 352 157 271
493 466 467 193
77 587 446 368
397 527 484 59
263 230 509 224
400 255 341 202
466 314 477 433
526 434 129 361
144 15 15 356
135 62 8 28
134 81 69 110
278 457 238 559
439 145 41 8
173 152 130 480
493 131 203 379
360 195 430 243
572 167 233 47
538 597 159 350
168 462 131 569
92 411 16 47
231 219 190 137
354 431 352 117
93 2 412 352
266 65 6 152
147 450 313 576
59 100 605 41
568 108 225 135
531 512 245 86
1 8 208 486
377 153 294 328
228 29 19 198
348 425 21 530
226 554 188 325
62 509 173 348
433 286 207 464
530 385 565 379
496 51 2 552
229 598 126 100
246 311 389 113
378 297 176 491
309 268 295 195
533 433 563 387
24 366 30 185
245 412 13 405
294 136 193 154
516 216 196 39
206 193 208 582
293 224 353 454
3 464 485 423
260 318 175 117
117 26 484 196
579 581 541 273
103 259 583 1
604 303 99 100
540 19 313 219
128 502 441 538
487 245 193 132
128 179 394 162
236 531 66 548
360 166 469 48
37 495 329 297
412 13 94 571
372 597 614 337
448 58 28 36
410 266 276 459
213 300 473 528
74 369 172 66
52 476 361 307
97 190 242 57
175 249 123 267
374 338 538 203
341 613 51 59
331 356 68 389
444 347 470 329
148 173 596 269
275 153 254 277
304 155 214 511
93 313 196 396
447 247 540 85
229 440 595 11
291 168 108 241
473 592 505 380
139 186 375 142
549 494 561 255
214 277 437 25
200 458 315 185
266 402 217 506
533 252 72 595
486 473 479 202
74 305 379 609
213 460 58 383
23 517 517 401
534 30 465 193
525 499 517 396
546 567 505 545
568 68 480 283
130 176 242 23
352 64 593 185
146 195 538 14
276 180 560 592
581 164 199 263
307 593 110 617
586 174 513 214
407 224 54 391
277 158 531 136
56 572 49 489
552 331 257 145
324 114 15 605
354 437 473 375
186 476 119 17
180 192 432 126
532 54 255 339
372 411 262 216
446 577 372 363
282 164 300 103
44 285 138 236
471 522 192 426
0 338 436 122
474 601 424 500
598 567 181 421
228 359 235 530
220 513 9 607
150 338 324 195
242 211 126 472
350 330 242 400
619 180 400 413
484 334 375 540
4 376 159 52
352 98 567 456
316 553 422 247
66 278 197 616
452 410 453 438
443 46 21 400
2 131 129 157
389 181 73 331
294 328 146 488
395 119 386 169
68 445 96 109
77 62 453 40
95 450 229 362
33 487 183 593
422 513 619 285
215 346 356 70
231 432 522 200
206 536 46 62
371 150 344 367
606 252 310 594
498 530 0 278
268 540 202 337
541 202 68 376
541 322 389 48
528 321 474 146
4 290 68 587
357 321 334 214
486 29 563 488
592 450 232 411
450 524 171 5
541 184 462 578
272 505 483 62
475 563 516 8
364 377 99 348
286 545 520 438
427 591 235 243
350 380 482 381
556 587 400 13
318 241 294 379
358 143 296 528
384 64 64 235
53 143 161 283
51 302 63 13
87 210 133 67
195 195 455 335
302 139 182 552
520 119 118 143
538 512 450 145
1 24 186 602
201 55 583 101
70 266 430 350
15 420 432 553
178 541 28 92
260 461 583 36
357 568 253 109
220 185 154 272
284 102 164 465
540 245 268 245
611 548 313 397
104 557 611 165
510 115 238 191
135 333 486 184
258 54 248 594
59 157 94 273
319 518 168 284
248 131 582 206
504 299 280 198
549 383 338 304
245 98 527 3
507 301 603 77
439 140 606 261
428 486 73 125
600 270 390 316
234 179 0 31
578 503 361 30
317 491 92 315
546 314 357 402
317 41 535 347
28 570 417 51
350 136 74 167
274 11 439 114
180 323 109 594
468 495 252 114
174 470 432 233
361 140 233 269
307 263 258 424
5 67 474 439
514 176 293 510
272 325 176 37
216 289 589 358
505 114 432 343
468 584 483 19
582 35 366 252
444 610 183 536
351 336 224 44
302 544 216 290
468 438 332 430
513 269 264 325
137 476 257 6
465 129 185 473
542 186 521 546
265 233 526 336
452 56 551 394
469 538 264 395
603 445 286 70
316 576 224 61
208 40 237 528
466 38 256 588
566 151 424 210
260 225 561 167
319 297 404 23
227 573 209 235
86 602 535 25
612 476 1 406
419 52 78 550
514 480 151 391
529 347 604 91
542 437 203 0
272 88 618 73
310 408 150 221
68 266 119 446
14 275 303 113
324 368 219 169
558 219 6 217
165 526 408 9
446 64 25 415
382 434 236 578
392 183 52 376
260 302 491 62
481 569 611 448
264 600 451 377
587 321 210 112
157 158 114 347
414 145 418 216
104 242 304 297
273 480 497 49
110 416 194 519
542 336 253 202
315 576 361 61
611 195 63 331
205 80 126 122
442 569 279 139
68 513 308 397
138 358 493 249
427 180 614 303
163 479 516 262
56 11 592 83
326 516 524 494
442 202 483 575
335 506 62 415
82 353 581 304
16 170 411 60
505 590 520 444
101 150 233 544
21 154 48 469
279 522 101 332
224 408 423 388
172 188 424 323
73 410 254 85
15 270 33 546
22 533 260 224
221 295 163 50
13 458 357 503
573 166 93 238
141 174 404 456
285 316 328 423
344 361 588 409
157 366 559 213
20 381 395 66
314 518 225 33
530 409 408 209
279 267 415 123
528 137 431 370
353 511 439 543
17 614 562 550
233 283 496 246
445 527 227 510
225 376 31 361
54 428 145 297
291 413 436 547
438 43 340 100
59 397 442 282
193 114 405 526
462 206 438 250
273 124 7 146
65 240 29 613
302 156 57 336
550 419 327 458
64 456 238 177
571 77 390 527
3 330 433 461
57 152 269 446
546 432 1 433
527 430 466 355
361 391 74 210
330 220 343 5
587 126 175 156
51 262 119 171
399 330 277 233
334 136 382 535
560 504 229 99
353 120 467 422
465 161 343 341
614 402 51 211
168 36 580 373
432 442 320 487
18 442 111 195
479 254 218 382
291 598 41 393
344 34 615 311
470 84 462 554
618 81 50 521
99 59 125 17
363 612 556 510
152 388 429 253
550 20 292 235
79 201 220 550
494 298 330 209
304 155 52 562
517 472 578 328
399 546 19 151
210 348 76 76
305 524 153 144
136 378 389 467
25 491 199 305
154 143 324 217
378 599 288 165
78 140 327 328
616 79 33 565
31 35 312 478
447 332 139 264
164 482 176 280
231 137 97 200
473 41 564 472
481 182 617 198
189 103 545 490
197 96 391 159
305 104 368 405
165 361 367 252
277 523 126 470
304 235 493 584
551 196 28 162
80 158 606 601
201 302 444 530
261 287 190 490
605 619 576 263
562 243 504 359
381 527 148 513
158 533 553 231
246 409 264 11
67 32 163 313
381 313 123 350
50 168 435 463
205 539 70 76
309 9 536 468
23 399 207 145
381 67 147 177
484 205 248 349
418 403 415 143
96 599 397 536
607 113 266 242
508 512 66 573
50 495 246 612
344 575 532 143
163 79 296 615
377 298 541 141
266 423 174 148
215 157 132 336
424 132 43 441
401 526 388 355
71 227 12 320
120 298 88 282
571 252 581 402
509 498 115 341
159 338 77 155
101 248 16 157
515 153 147 578
112 489 474 298
320 46 452 464
126 435 220 417
401 413 342 212
251 178 156 575
420 302 308 539
500 577 513 161
34 251 473 18
521 29 409 98
38 154 2 603
498 153 613 337
274 28 186 119
10 110 361 502
235 444 415 162
29 328 432 32
218 25 554 454
272 232 60 524
263 123 49 68
492 366 504 566
192 515 377 600
194 242 193 232
554 67 522 60
447 163 136 287
429 406 316 244
417 461 597 135
361 493 10 121
216 518 402 277
8 46 5 68
304 571 74 267
364 132 23 45
142 173 11 407
196 27 410 558
355 88 214 397
232 301 221 334
425 549 12 510
230 217 546 258
281 367 299 46
367 502 407 417
477 37 403 244
304 105 76 248
58 24 303 464
219 188 270 616
395 435 212 493
0 288 364 486
530 327 377 36
142 100 439 206
480 422 130 180
164 84 65 265
293 468 497 182
265 253 565 498
603 231 236 615
434 310 519 374
553 297 285 255
300 157 57 78
588 274 84 401
596 561 176 56
339 202 75 255
512 596 594 69
439 503 476 490
112 341 297 294
404 484 230 290
212 600 65 208
69 70 590 228
231 194 286 106
78 417 80 45
69 550 383 457
8 3 34 336
355 376 180 521
297 77 519 306
204 47 108 516
60 555 541 493
342 555 289 40
578 527 488 36
489 18 535 34
193 575 595 115
502 552 98 263
425 157 185 51
41 413 493 149
237 68 143 204
199 595 540 73
287 461 331 51
80 536 290 536
38 229 462 124
398 170 138 492
445 207 378 150
480 397 201 191
441 158 16 360
284 149 578 130
340 372 613 275
250 307 256 22
442 591 481 144
410 83 44 194
214 541 190 600
472 59 79 142
88 615 4 374
411 140 553 285
81 202 506 508
487 578 593 581
382 582 265 579
355 488 202 437
20 67 269 292
528 215 359 497
82 120 104 170
612 367 110 460
443 530 584 22
373 293 195 124
99 308 195 212
107 560 71 475
584 404 264 267
340 294 351 615
224 559 439 8
618 411 341 377
445 328 549 607
521 132 6 248
470 503 340 84
19 126 463 556
530 192 504 227
404 80 32 190
69 85 324 528
274 87 610 501
463 406 315 603
612 531 571 555
444 77 356 6
558 99 587 41
411 273 324 201
554 492 410 340
381 605 385 420
153 522 181 112
544 379 454 279
86 528 108 492
2 327 70 264
615 266 420 106
320 381 496 466
518 22 188 581
208 405 286 180
434 525 274 91
526 444 103 325
264 506 139 42
177 470 302 575
246 98 576 593
589 432 142 19
539 295 280 569
577 470 615 251
327 362 196 159
186 494 372 58
599 616 420 313
55 346 243 335
496 48 247 392
289 310 431 337
299 534 75 462
302 561 337 467
26 304 442 397
85 220 180 180
305 402 312 564
503 211 330 265
357 520 407 256
365 394 201 268
603 357 82 514
600 145 7 86
462 206 58 297
315 430 231 345
266 139 207 212
318 380 360 568
430 406 378 68
539 480 396 178
83 610 378 171
336 20 616 356
461 613 307 385
440 494 220 587
226 207 82 245
568 230 564 139
476 192 525 107
368 443 493 544
40 541 583 39
577 9 545 600
330 491 208 574
325 479 580 127
150 322 373 291
564 381 583 467
273 555 341 375
126 130 532 494
333 147 410 48
397 339 615 538
149 282 586 314
150 435 184 126
524 327 513 412
577 247 326 20
240 248 298 571
346 303 589 142
406 89 397 138
564 344 534 373
17 320 496 508
544 404 462 59
409 361 297 295
290 69 241 556
540 475 551 542
339 155 159 229
396 166 588 200
384 482 472 549
52 485 5 130
575 174 22 105
103 526 36 13
596 68 433 115
133 268 365 343
549 231 541 46
383 417 352 361
515 230 397 413
572 250 121 446
10 598 391 355
142 171 568 437
112 620 605 452
573 398 326 35
433 58 358 332
109 389 166 343
535 299 109 411
445 142 384 465
614 402 86 95
395 17 559 214
168 436 581 527
348 521 29 218
571 337 548 204
124 109 565 70
196 510 77 430
311 105 615 244
145 118 195 43
340 43 400 486
250 371 252 575
106 421 564 408
63 294 582 394
499 57 266 397
187 605 485 43
448 586 15 141
242 252 386 478
563 319 381 386
94 620 294 122
208 546 356 554
420 166 165 558
473 266 82 559
376 2 529 483
321 142 229 204
322 47 271 600
600 175 546 572
441 296 512 243
58 593 134 150
448 118 204 402
366 496 326 346
73 575 613 3
416 327 219 195
379 277 248 221
552 494 158 118
178 215 91 105
207 283 186 498
315 493 368 259
574 213 134 77
584 6 572 134
521 581 471 494
541 586 302 193
263 143 139 548
101 223 20 285
598 497 407 111
404 405 537 387
133 449 201 553
195 237 318 125
39 60 425 264
573 530 500 80
18 347 238 553
583 256 565 189
221 201 48 199
465 147 204 11
255 531 380 188
485 568 359 212
184 201 274 412
283 497 91 53
456 557 89 587
226 312 458 305
331 199 215 382
299 26 178 241
80 527 134 388
596 317 168 157
575 208 45 159
589 445 212 343
298 380 229 522
345 176 466 274
192 360 610 75
294 140 434 225
114 15 145 168
567 601 63 615
361 525 547 571
274 430 408 276
579 580 365 608
232 30 106 267
134 327 3 75
318 378 92 57
254 284 263 395
441 497 335 531
606 564 310 209
532 511 329 127
11 64 288 420
544 599 238 521
527 150 32 9
562 63 181 191
527 1 516 179
551 455 202 79
37 396 600 490
357 439 315 164
381 553 268 256
327 584 444 434
349 70 9 445
559 474 579 64
372 360 248 85
155 331 232 258
106 373 596 171
608 211 72 524
24 532 273 221
331 203 36 150
256 75 611 574
522 164 332 569
295 187 483 157
200 179 10 501
293 99 593 252
313 174 580 300
419 345 145 476
502 469 37 512
125 124 278 99
322 252 11 229
392 600 338 84
33 107 42 188
110 608 32 584
437 348 607 298
231 187 489 6
357 233 152 459
433 28 604 370
206 353 303 265
178 386 275 273
147 135 138 105
465 572 80 350
56 503 120 606
40 473 192 467
280 331 142 184
148 427 459 326
184 405 26 56
46 126 293 323
