1600
433 576 554 6
369 395 535 596
147 521 246 79
374 134 374 301
53 351 209 432
209 294 368 135
405 395 6 289
475 532 491 173
3 19 42 211
313 565 307 606
535 349 519 368
107 488 83 449
14 91 609 453
470 117 234 423
363 602 111 563
268 69 89 598
307 64 239 585
260 5 178 127
432 91 83 488
257 560 550 341
594 544 391 90
15 5 100 569
326 375 518 56
58 230 596 521
342 29 569 262
101 210 159 399
227 64 474 495
348 49 303 359
268 230 199 548
489 137 437 502
284 368 333 357
268 415 551 438
9 80 593 404
247 405 299 262
295 287 227 525
509 230 253 431
142 321 50 132
148 314 455 618
359 607 191 265
127 179 593 349
564 339 620 480
487 65 234 240
467 424 592 485
236 325 619 83
325 576 78 26
122 53 387 225
496 520 216 373
420 147 32 206
86 503 351 349
128 515 175 270
541 417 72 355
242 289 105 181
541 29 13 605
177 543 597 445
488 532 466 319
116 334 278 214
410 201 70 443
119 488 457 18
466 344 617 513
300 70 575 554
394 187 535 194
284 49 106 101
303 394 80 613
282 461 238 407
141 339 173 582
225 211 502 551
552 101 377 568
467 202 177 329
147 1 7 132
133 7 137 555
411 567 386 52
354 310 107 95
189 112 416 363
246 150 84 482
173 90 101 167
158 583 506 570
15 552 183 80
345 241 568 544
97 324 477 172
371 235 226 464
434 601 37 81
484 29 72 168
49 517 512 528
28 428 127 420
70 604 58 538
27 198 437 390
220 32 74 577
325 180 281 93
122 522 409 10
215 264 255 108
561 189 471 83
217 423 33 373
43 417 328 580
131 407 32 542
295 218 343 420
115 84 600 608
338 566 340 389
496 422 144 454
288 501 376 525
285 331 599 1
274 44 247 300
244 120 376 243
411 315 337 35
506 279 242 513
121 30 594 597
474 365 552 307
9 358 35 57
189 588 512 195
221 82 157 462
558 443 488 219
60 81 582 549
437 603 560 288
275 433 115 597
40 366 82 91
72 47 133 24
136 470 431 502
473 47 393 208
493 180 436 38
398 30 282 317
39 503 345 491
4 252 332 575
145 275 170 408
408 56 539 543
535 521 425 501
55 236 403 98
23 306 199 513
460 387 3 404
202 619 354 303
436 127 220 434
128 133 111 567
112 132 157 616
534 190 480 106
420 323 81 540
158 88 438 538
608 115 473 110
182 260 60 443
423 32 421 156
347 499 58 194
229 407 520 329
603 291 110 605
543 272 189 212
119 551 620 4
145 276 149 199
155 606 498 610
206 545 126 185
316 388 440 261
432 544 544 235
367 410 175 430
319 579 403 38
3 409 102 334
334 164 5 403
169 82 171 124
198 600 250 591
519 126 506 425
198 141 215 454
549 319 150 113
123 353 419 273
554 577 343 508
588 330 141 9
109 339 555 196
310 297 14 52
589 292 111 76
354 189 122 605
213 355 118 20
382 610 49 82
231 189 133 522
450 424 192 257
314 34 6 114
568 528 4 2
465 159 240 494
151 153 285 146
46 312 602 502
204 516 77 510
384 529 578 15
205 564 3 325
483 1 173 441
165 486 561 555
68 340 498 470
471 546 141 305
502 548 187 114
47 22 19 181
543 303 375 25
65 540 567 475
395 262 480 570
100 499 605 135
466 469 38 492
246 209 509 422
397 153 8 7
199 239 604 449
476 264 482 80
373 225 13 293
382 481 592 188
409 464 11 604
94 273 42 572
53 40 176 396
165 614 523 361
408 467 277 326
124 124 485 481
566 254 109 332
224 359 328 467
414 509 262 266
174 233 140 369
620 481 452 15
583 225 615 438
454 614 406 203
287 453 323 379
441 168 511 156
332 274 368 515
487 347 603 276
386 391 148 349
614 259 176 353
71 285 30 70
279 507 153 415
56 312 166 526
262 538 224 534
229 317 449 219
525 291 192 125
56 581 583 572
93 534 73 186
100 601 240 31
225 437 504 228
302 348 588 542
325 568 125 558
155 24 364 93
331 557 559 548
242 596 64 495
275 556 603 618
336 143 43 90
353 238 267 147
602 319 48 462
8 322 519 236
385 361 309 526
85 127 13 482
61 163 433 538
145 502 83 540
440 314 448 421
62 189 467 597
35 504 277 490
284 437 413 316
88 276 205 70
271 304 205 35
251 66 87 383
33 32 102 32
491 467 470 518
23 602 484 82
525 379 533 259
356 435 318 594
233 6 579 312
278 520 528 414
102 542 587 30
351 235 612 177
21 49 99 178
56 18 80 607
488 149 215 105
454 322 508 125
374 603 48 488
134 526 79 154
523 289 600 201
114 198 323 538
221 382 393 28
503 422 143 532
176 2 245 51
550 241 99 30
423 269 425 406
290 217 279 481
483 571 70 298
427 386 577 493
455 592 576 37
314 482 153 554
116 527 319 413
558 504 300 93
134 295 588 149
181 164 68 390
212 324 97 167
518 442 570 354
89 46 453 452
407 612 335 99
371 61 235 534
591 199 419 241
555 382 52 194
277 218 513 278
310 549 505 45
437 357 118 172
96 137 473 564
223 523 365 383
190 253 473 214
300 262 475 270
54 142 445 163
232 427 483 216
335 259 429 565
488 600 263 477
448 542 407 207
84 461 423 611
98 96 445 192
542 598 1 606
403 312 574 322
615 233 290 212
140 576 77 396
304 197 72 184
335 213 138 311
558 142 187 353
47 118 554 516
619 146 549 410
12 479 276 430
507 400 203 428
6 461 333 259
24 129 120 600
441 207 145 362
578 1 82 317
50 555 475 388
614 133 151 565
37 560 32 109
281 106 37 492
60 407 450 336
604 87 501 342
13 206 383 420
230 257 386 183
352 311 99 355
93 340 599 209
112 69 165 422
244 240 435 291
18 363 580 357
381 444 568 20
524 96 230 570
52 570 507 588
222 216 260 221
41 599 24 582
119 340 282 51
339 205 610 158
550 53 274 451
98 458 314 449
585 5 472 335
285 387 282 479
543 5 229 235
591 116 85 496
543 403 484 414
234 131 529 216
497 6 20 237
391 373 46 529
209 14 117 550
605 420 503 604
440 533 277 426
95 199 65 72
355 467 357 345
389 155 500 124
421 400 459 94
585 70 202 451
198 504 76 55
112 256 175 512
214 549 577 81
14 139 461 558
486 390 305 333
485 218 427 511
559 58 217 196
501 310 595 261
503 563 203 581
162 1 163 543
174 190 324 314
335 536 333 442
611 386 347 573
618 331 524 119
387 294 127 569
447 164 222 573
115 2 197 40
379 23 187 243
65 109 18 474
225 513 143 186
5 343 36 215
476 322 46 553
431 592 188 397
448 570 279 262
599 514 350 369
259 379 552 273
138 149 554 437
405 11 456 466
375 568 591 273
139 301 281 491
548 226 102 580
56 43 153 405
398 258 261 310
519 8 4 87
212 316 441 521
26 303 609 122
617 605 67 555
282 130 475 335
448 310 570 240
597 125 356 234
150 122 601 144
367 326 577 11
159 177 582 101
327 207 50 306
460 414 266 564
488 295 535 358
113 131 272 179
203 149 579 198
411 38 185 223
484 281 116 518
129 376 369 616
571 416 147 500
241 374 284 536
358 244 246 357
443 202 290 599
281 464 54 59
125 511 533 432
548 491 4 163
377 563 192 507
391 84 284 451
281 569 380 467
492 565 505 56
267 492 443 611
122 195 363 425
571 408 182 269
279 589 7 98
446 68 404 392
111 310 153 240
464 130 141 364
400 8 56 569
169 498 101 138
120 119 169 335
223 180 253 340
594 33 133 4
46 146 29 322
596 257 180 162
426 178 450 112
264 477 281 453
252 86 40 587
160 223 206 333
41 19 605 406
323 1 242 62
335 500 596 292
251 188 420 139
148 334 190 118
522 106 3 216
265 307 162 441
130 413 157 62
457 253 87 26
450 187 574 228
456 605 444 28
605 64 179 86
419 437 85 302
503 416 29 299
591 69 470 617
302 421 432 120
407 565 34 591
238 332 197 159
250 29 364 147
106 34 544 106
148 91 460 384
18 122 615 82
393 297 251 230
127 564 614 351
471 376 557 209
394 523 582 13
232 359 14 182
243 190 186 72
525 528 406 470
336 255 73 368
572 443 278 206
321 303 572 111
319 529 501 286
600 112 64 132
524 141 144 318
71 179 84 619
611 399 334 305
617 610 252 215
602 610 536 298
167 309 163 572
615 112 519 15
371 34 601 480
273 596 216 487
210 202 95 441
596 415 11 572
620 588 7 502
561 34 160 475
527 599 402 27
74 106 362 530
183 372 7 380
348 268 44 465
4 310 11 482
15 28 85 250
530 280 54 145
37 116 387 49
275 597 113 600
346 462 609 113
472 50 565 296
292 205 614 203
249 361 590 459
151 466 201 233
409 472 261 286
310 122 380 432
590 447 544 34
424 84 115 436
150 452 322 144
329 266 200 83
598 507 145 418
14 382 371 525
198 30 158 292
124 406 355 245
119 347 560 492
257 458 222 467
306 23 289 461
198 188 129 374
495 91 0 38
263 77 216 422
154 20 325 48
67 605 27 101
201 239 497 557
39 581 10 31
83 278 131 404
85 121 295 24
107 518 276 225
156 601 87 284
578 327 0 327
88 360 23 395
39 565 115 44
295 34 168 218
22 479 544 237
224 159 605 38
262 142 114 529
121 99 463 446
246 250 325 440
608 567 271 14
443 318 226 376
384 28 606 440
217 186 404 224
289 388 216 618
237 473 320 211
105 208 399 210
511 480 514 166
125 206 32 432
110 350 10 58
609 34 28 533
356 79 559 339
368 601 228 238
610 221 443 269
506 560 300 205
520 286 171 171
25 546 196 191
70 407 336 460
530 140 265 541
250 212 51 492
397 123 197 518
285 535 216 32
436 529 24 353
69 28 102 328
197 617 53 185
94 420 371 113
132 35 401 435
589 115 482 360
495 143 587 100
534 56 324 255
239 523 388 383
341 337 399 338
79 473 580 222
559 345 524 407
586 19 168 26
327 590 533 115
265 501 14 2
294 264 266 526
226 600 130 613
316 494 98 127
309 138 435 388
602 436 23 206
289 390 354 16
416 258 546 106
461 529 354 367
246 87 355 278
121 541 485 35
456 216 496 446
51 49 548 378
268 601 38 111
580 564 256 428
91 120 228 526
129 148 426 321
292 164 268 215
404 133 75 274
152 581 308 134
604 154 479 382
400 612 516 230
577 465 506 587
419 289 149 173
394 7 590 534
451 612 356 608
219 425 312 525
506 480 42 57
410 331 406 160
283 200 70 18
325 291 593 407
29 447 440 95
349 507 133 613
397 294 463 524
252 227 380 386
617 586 437 446
458 435 502 339
137 578 301 280
399 171 261 38
464 279 209 427
380 180 319 99
70 310 214 611
602 139 342 484
485 152 273 129
392 509 529 472
444 43 350 249
259 429 157 12
552 2 118 204
578 19 148 356
46 296 165 335
198 111 550 217
321 28 115 446
464 271 608 88
496 144 74 204
223 144 2 199
248 436 314 444
495 155 458 171
58 233 587 78
156 33 453 218
486 295 124 409
522 437 78 309
40 356 394 467
198 150 89 230
30 55 253 219
290 327 616 78
188 316 261 459
278 352 183 183
77 375 14 289
36 64 509 527
578 125 426 562
158 41 206 252
117 154 538 269
335 537 142 80
282 181 444 525
543 494 485 177
493 448 414 491
533 171 579 271
15 105 144 520
244 53 212 107
163 455 6 59
501 439 475 53
561 145 558 168
413 0 495 147
370 482 35 302
481 77 576 147
436 239 18 410
579 151 377 566
602 541 457 183
556 397 60 377
125 174 461 442
94 56 54 255
170 503 573 477
331 580 421 366
407 456 534 161
103 181 394 512
40 297 495 156
58 100 320 423
264 232 477 547
451 592 26 254
242 120 600 493
45 491 247 609
61 575 101 443
180 349 205 194
227 134 139 333
598 284 378 118
275 73 550 0
250 212 499 316
210 560 153 337
24 419 491 406
511 590 382 180
169 360 242 448
398 156 508 533
236 582 612 172
347 170 12 159
126 192 611 428
395 439 464 617
495 492 612 285
31 194 400 486
218 262 459 359
447 485 8 185
591 345 128 147
529 540 605 364
41 43 153 173
122 368 35 614
585 551 312 617
294 549 550 309
538 349 348 605
504 439 358 243
580 467 462 589
98 470 341 543
179 498 324 266
409 67 161 74
276 255 282 471
583 331 518 220
206 407 509 152
164 121 541 28
362 211 357 25
546 118 254 84
583 383 93 519
550 533 218 100
29 410 255 134
469 334 123 157
147 165 233 244
311 356 122 60
577 34 136 399
287 212 373 327
212 440 401 268
229 75 226 65
178 276 171 182
593 325 370 465
517 220 446 567
168 160 158 258
524 538 513 394
36 104 372 176
518 465 249 446
143 253 55 249
405 342 406 480
107 269 528 423
327 94 441 189
405 444 383 272
81 565 414 32
415 369 182 406
371 357 40 290
428 432 563 323
428 285 361 317
526 153 532 328
519 373 443 59
300 468 109 502
29 383 240 131
9 349 25 46
107 293 404 484
542 160 238 609
204 493 378 173
522 320 352 201
246 401 299 534
542 162 347 479
609 140 510 212
341 367 54 586
525 554 200 615
528 15 583 68
558 425 334 191
433 562 63 458
20 177 447 578
175 173 197 12
465 451 542 162
559 111 36 567
447 69 482 312
111 460 194 257
447 608 234 144
593 365 499 606
273 615 247 553
592 291 611 586
119 310 18 596
467 173 534 499
463 225 201 579
320 391 390 264
130 372 613 98
541 123 263 400
216 468 613 334
556 6 365 156
4 492 440 576
404 118 54 318
419 224 245 545
563 366 537 366
369 99 84 141
55 516 233 322
170 437 235 149
327 163 29 484
506 97 39 376
341 229 4 494
419 587 179 53
35 193 124 536
620 368 20 57
242 373 194 93
302 253 23 573
95 595 110 359
603 562 528 278
322 538 207 463
487 581 215 498
321 324 453 458
594 238 329 212
66 332 83 263
125 605 182 66
533 397 569 482
365 349 38 498
225 447 77 191
149 398 216 383
524 261 290 291
156 70 619 168
466 592 573 463
546 270 570 476
287 16 444 435
237 568 553 227
547 549 561 444
314 599 515 567
578 534 14 545
412 322 294 221
64 481 416 246
60 102 373 406
145 58 537 562
405 363 562 22
111 444 65 603
262 495 349 342
526 259 92 207
500 233 238 336
323 280 601 552
286 89 399 154
584 132 519 461
206 335 232 220
274 445 294 110
21 27 349 425
258 370 184 378
389 619 373 278
443 140 435 15
137 582 129 23
538 148 429 60
460 374 272 191
540 205 375 168
605 58 149 83
447 188 246 168
274 408 330 386
555 573 99 146
397 270 165 409
471 209 144 398
595 54 118 362
257 170 77 481
314 304 395 128
167 197 486 384
616 71 60 256
173 81 479 601
33 52 613 441
147 559 392 206
601 391 615 16
294 433 549 269
150 499 244 503
357 422 218 401
34 591 216 540
618 61 285 493
333 152 68 107
431 22 230 337
369 510 595 168
561 571 475 78
77 98 460 336
58 384 88 380
108 317 483 400
179 154 267 443
544 540 339 540
390 310 156 336
232 98 20 163
449 145 265 244
464 582 440 553
12 164 517 598
75 84 216 8
605 305 96 444
474 440 570 289
31 353 301 103
197 571 265 302
192 63 179 80
432 365 44 541
16 328 312 491
292 510 137 505
261 309 509 297
244 428 270 52
128 591 110 494
383 254 107 292
232 525 132 377
553 290 97 363
581 109 174 489
561 29 185 82
270 202 285 168
546 56 608 545
81 524 270 218
465 175 561 356
106 434 340 449
467 270 483 167
191 449 214 117
45 222 504 528
67 585 195 354
166 399 412 602
553 226 108 587
480 146 59 481
129 55 163 148
84 212 209 135
454 468 449 589
464 44 459 13
60 312 322 154
410 179 521 595
371 612 594 180
434 132 477 539
460 547 292 83
55 470 393 396
215 56 398 597
389 496 233 517
620 74 304 616
174 568 516 152
183 218 209 602
86 496 57 362
372 323 261 481
433 126 33 188
155 403 354 613
323 195 540 221
444 109 476 435
376 132 31 318
159 595 517 144
70 495 92 286
35 54 421 529
561 422 454 239
422 164 182 435
508 222 31 62
558 565 318 399
99 154 71 23
175 506 414 598
87 388 31 560
110 530 338 512
567 544 359 427
66 151 485 441
584 185 338 170
441 480 329 165
390 179 478 77
557 189 321 435
348 207 174 390
218 201 392 87
152 244 575 482
518 607 26 315
476 188 593 353
345 467 160 374
228 296 486 424
611 38 91 321
207 580 479 83
515 202 150 350
530 519 512 222
543 378 270 521
43 321 355 294
592 417 189 524
6 577 238 142
601 205 528 69
57 54 202 354
231 71 464 616
407 19 40 341
154 82 96 280
521 429 529 87
353 471 369 114
169 337 9 58
436 84 197 583
258 298 614 96
192 300 450 544
461 102 402 536
375 116 376 342
495 360 294 111
235 318 499 494
576 542 80 375
460 479 341 460
229 6 125 577
212 456 158 262
528 393 358 266
482 580 555 125
24 62 481 480
511 485 148 419
492 609 279 584
192 149 392 476
276 417 495 461
228 118 237 208
563 355 479 472
563 202 620 302
244 250 305 560
563 64 248 322
150 543 96 532
521 300 276 341
612 391 124 455
574 402 308 292
86 510 517 541
414 557 420 139
40 150 359 590
446 122 82 208
222 304 495 79
67 608 344 468
343 401 495 165
432 432 73 223
270 197 565 442
343 357 201 568
571 71 500 540
233 554 511 113
572 66 549 399
249 599 591 401
200 18 505 422
45 237 60 233
429 578 127 616
532 597 486 300
294 303 603 274
295 97 248 14
141 462 149 529
182 298 159 526
27 473 87 91
297 149 158 14
607 148 321 313
375 452 107 258
204 293 470 349
436 63 26 411
347 373 27 210
22 506 510 551
554 399 63 574
357 512 487 590
332 221 419 560
354 196 95 285
413 608 548 29
346 613 338 358
135 294 539 599
491 189 5 140
485 570 477 477
206 96 47 557
146 369 248 204
382 547 613 503
556 64 509 506
332 383 225 10
211 313 226 43
457 540 478 69
66 409 162 116
0 593 251 23
467 245 178 211
491 536 378 169
392 289 566 228
467 233 457 527
592 212 583 553
611 27 397 178
315 447 209 47
511 83 156 369
262 519 476 473
357 393 361 516
213 301 457 454
373 590 374 362
121 260 577 280
125 559 103 120
275 106 177 391
262 288 280 563
607 595 104 375
519 432 577 154
154 241 69 6
294 137 90 496
307 21 222 488
102 476 94 491
52 102 180 605
137 525 396 42
362 575 383 199
160 230 362 199
243 152 87 308
419 108 264 105
226 111 4 581
112 140 560 238
587 369 74 459
430 542 421 601
424 159 207 491
14 558 121 172
233 387 424 11
31 342 213 128
357 96 467 266
487 297 309 496
546 172 402 252
392 309 150 176
114 259 567 493
341 482 380 507
613 303 581 132
351 175 457 599
543 42 209 137
566 178 255 420
585 388 80 600
368 43 107 368
226 64 487 518
550 543 341 476
406 230 194 389
158 492 444 175
282 326 264 243
150 371 302 595
142 250 358 195
363 9 445 148
115 24 37 77
171 162 425 440
436 298 259 231
467 56 387 571
531 523 456 437
583 27 29 390
40 78 145 233
234 98 344 189
481 195 137 290
395 492 413 131
71 184 619 174
294 594 88 79
121 223 103 438
68 106 311 591
549 401 468 375
344 486 553 410
210 580 254 404
167 83 393 59
192 513 144 367
22 513 619 602
481 323 122 170
270 538 438 374
572 483 266 74
204 518 180 389
380 537 580 272
293 364 493 54
407 125 265 243
104 502 26 594
584 491 568 268
377 200 594 68
202 430 42 452
117 30 111 433
40 460 162 61
28 445 184 403
64 346 393 458
308 171 400 459
2 320 586 10
426 224 266 38
236 121 524 401
411 189 439 494
243 153 303 323
261 475 45 487
482 97 257 344
15 380 596 284
384 29 99 92
156 81 231 472
537 239 66 223
451 437 554 550
285 246 479 223
307 273 537 606
327 276 155 59
300 568 367 486
26 14 485 243
498 270 342 583
73 331 436 392
435 186 412 552
21 339 188 141
415 261 393 361
441 522 319 23
213 370 566 340
607 362 199 472
101 464 63 445
254 430 598 537
461 567 223 223
284 429 433 360
251 588 595 330
567 418 569 351
599 284 449 106
338 139 156 255
423 103 79 489
156 100 372 233
265 558 129 315
344 499 31 84
222 181 566 80
317 437 618 361
270 335 281 495
398 107 500 254
548 28 499 91
579 495 33 581
476 151 93 165
293 354 332 221
448 101 240 428
549 342 238 292
13 262 345 320
145 58 294 14
308 244 442 245
468 513 369 408
586 13 96 412
279 534 144 247
54 587 321 396
360 293 562 503
316 273 491 420
310 29 468 145
232 317 515 138
332 114 451 464
125 274 343 138
10 582 176 503
417 50 349 580
453 472 407 619
89 221 320 397
302 316 463 610
78 448 195 140
404 85 504 583
118 131 90 130
382 74 577 84
23 520 273 453
226 519 263 400
389 87 94 150
552 74 399 377
147 175 226 435
278 35 324 55
493 208 467 604
208 393 571 358
211 466 34 356
445 72 215 453
16 368 183 390
537 480 531 70
331 558 353 15
157 257 21 138
368 333 132 170
376 397 501 284
329 112 311 221
79 434 477 345
459 494 373 440
257 234 338 371
323 85 111 438
565 86 530 588
484 19 588 255
369 571 82 511
47 570 532 482
134 270 374 76
546 335 609 455
108 85 249 118
387 114 376 236
86 373 555 426
199 284 96 25
572 32 309 415
127 563 283 205
114 196 109 607
450 521 215 566
487 167 241 118
164 2 186 564
278 613 213 289
141 254 162 291
40 199 24 79
304 21 434 562
610 10 387 141
603 496 587 545
156 148 552 55
493 465 495 14
201 29 63 257
342 573 606 359
94 207 194 619
556 164 89 65
355 610 598 298
400 476 145 239
276 476 276 275
269 386 248 287
225 185 419 560
185 389 503 485
616 208 289 492
78 604 455 496
189 281 246 11
303 572 468 297
481 383 553 181
262 113 21 401
79 192 407 590
294 86 508 619
607 505 351 449
584 126 609 182
556 281 535 412
339 72 294 462
521 362 605 97
619 55 569 598
482 91 439 56
70 470 583 244
50 261 47 256
543 569 292 520
487 164 469 137
23 80 30 46
404 174 561 329
303 201 504 44
543 294 438 454
118 212 360 359
197 320 198 144
497 605 55 507
302 332 410 97
200 586 283 354
557 304 278 495
225 98 291 564
426 203 378 246
60 100 609 330
367 544 103 598
350 10 344 371
273 48 277 70
407 518 143 255
542 53 593 569
320 536 207 5
56 316 31 266
620 233 43 4
415 607 33 613
331 466 20 261
306 549 481 607
157 589 33 550
223 520 358 232
348 417 413 566
590 264 534 521
298 152 104 459
372 507 98 266
311 1 574 107
566 131 415 417
213 423 418 421
372 476 142 477
592 576 136 251
331 423 268 3
73 447 582 116
591 282 553 487
543 34 104 267
567 586 223 26
175 445 541 166
261 2 525 230
421 44 354 527
164 125 508 91
162 426 194 584
24 123 166 142
462 164 149 248
464 361 295 361
25 269 345 201
30 206 62 409
201 486 30 30
314 556 256 197
603 142 180 456
399 128 19 619
189 40 373 451
192 482 280 593
213 81 8 350
261 272 35 204
100 589 584 94
316 242 81 265
493 170 177 309
207 455 78 310
69 62 515 463
147 466 500 228
521 581 393 129
142 450 35 333
366 603 306 205
348 148 377 252
296 169 21 409
285 263 170 570
374 495 149 473
92 61 143 287
210 313 613 20
154 291 481 72
293 196 352 314
343 239 95 608
471 330 226 466
106 544 414 193
127 509 275 356
13 213 535 565
28 216 299 595
12 24 288 602
307 499 218 51
552 54 470 479
435 29 370 462
469 485 527 360
165 395 351 192
91 243 156 255
508 65 456 376
182 158 456 333
206 271 182 501
246 260 350 133
251 316 130 524
13 494 181 390
526 28 102 389
563 604 71 610
266 161 558 520
526 328 342 465
168 413 191 87
26 538 137 250
176 214 196 242
522 143 71 204
529 608 121 357
253 340 201 357
121 97 173 402
130 120 495 546
133 459 374 319
9 371 286 414
111 1 394 150
57 554 221 407
335 540 252 465
499 2 292 504
227 587 279 604
227 450 480 198
25 225 559 535
61 118 55 312
61 122 448 358
289 351 466 445
389 403 479 91
414 31 541 558
462 335 121 519
387 33 196 15
532 591 504 220
439 564 23 347
216 385 509 334
422 16 63 410
445 250 379 534
593 134 500 256
486 49 169 307
545 221 428 115
483 267 98 207
259 250 187 620
281 520 512 203
226 68 388 335
580 20 419 17
199 607 7 10
518 109 557 45
563 523 55 187
321 159 581 179
619 35 588 215
427 323 386 514
287 476 448 579
6 204 313 383
52 365 150 575
322 216 1 385
532 185 585 446
509 568 470 80
69 524 46 566
59 520 150 344
449 610 237 516
40 88 321 555
515 19 358 586
77 288 419 401
72 467 284 102
197 379 115 199
391 341 355 90
358 423 335 10
409 151 114 332
2 190 320 43
84 197 518 523
30 351 421 357
459 85 21 150
510 86 344 460
218 135 542 25
309 589 562 414
471 486 150 454
51 208 174 14
68 611 163 554
566 594 126 416
112 493 135 12
36 421 367 369
585 20 369 113
234 244 492 513
194 294 617 347
365 312 253 475
113 600 212 240
395 176 156 375
226 586 618 195
242 166 564 99
291 558 215 35
135 486 607 369
361 607 463 458
35 196 611 72
240 493 387 382
339 589 486 106
76 10 523 598
225 375 345 547
565 4 19 610
332 277 8 499
607 602 301 366
519 502 170 171
379 127 366 279
470 407 550 328
430 311 532 86
30 261 248 344
202 72 107 425
506 493 337 123
547 12 168 618
462 87 193 486
569 619 391 519
201 569 301 28
521 408 428 347
491 419 415 182
474 603 81 397
615 488 595 482
212 335 547 493
514 109 229 529
369 122 104 508
333 331 268 380
616 93 176 141
14 429 304 567
232 275 2 469
620 356 19 525
452 136 58 77
380 2 122 115
4 160 154 158
76 233 571 155
261 86 357 541
67 501 534 168
181 10 331 138
574 170 259 514
436 332 319 422
53 313 163 493
117 236 214 389
67 208 325 355
444 420 394 559
51 613 394 457
7 232 50 308
558 288 94 605
321 333 226 197
396 196 77 197
398 470 246 114
302 505 38 392
170 150 472 146
551 94 304 7
595 234 221 508
451 371 601 141
38 170 122 474
163 617 131 497
202 52 129 13
295 577 184 528
171 513 94 440
247 340 13 41
430 580 196 300
351 401 47 238
163 160 286 620
387 618 20 121
410 341 478 380
265 604 23 447
9 297 457 241
587 19 187 350
292 548 552 121
404 385 270 389
448 325 205 458
392 313 470 549
14 477 491 456
325 69 262 165
594 259 516 481
553 237 328 332
601 550 107 63
433 278 34 25
352 536 409 187
572 154 300 610
508 523 63 368
313 271 62 522
246 193 52 30
242 435 170 335
325 343 214 469
383 538 304 194
74 49 401 537
10 514 368 577
233 388 90 230
345 61 98 373
576 34 584 265
299 534 223 559
69 500 438 556
81 85 542 554
502 466 355 133
612 579 3 620
511 69 35 164
617 401 21 299
170 359 348 18
100 173 21 393
388 76 97 210
413 237 515 288
226 250 329 470
239 5 148 249
452 182 56 394
505 61 478 499
219 223 202 143
219 145 556 87
143 184 540 192
410 600 388 306
436 418 209 270
602 361 339 172
174 274 57 367
274 105 180 322
143 522 173 459
310 45 114 223
17 559 399 114
14 264 278 33
459 116 459 141
427 137 13 67
516 173 571 497
237 214 107 170
439 148 77 224
41 585 389 386
316 381 526 300
50 36 264 196
106 310 204 39
459 352 111 148
310 190 590 404
511 493 350 190
525 54 29 542
475 252 356 169
485 608 571 198
94 403 289 223
107 150 464 608
587 62 597 478
269 434 395 12
598 117 327 611
133 437 542 580
248 407 164 306
306 497 14 155
587 422 385 127
385 59 498 152
5 411 442 297
390 76 272 311
549 459 42 355
466 497 562 428
349 161 20 475
154 400 546 568
224 20 68 440
572 345 41 259
87 366 56 423
413 208 552 143
265 180 381 609
24 18 383 543
180 151 95 33
573 540 63 340
609 173 427 21
425 146 556 135
383 408 11 266
337 360 497 368
305 366 181 280
67 125 488 539
140 124 47 71
595 244 132 514
607 366 377 3
550 232 552 530
