1600
225 535 333 372
245 584 275 528
37 89 360 114
336 486 252 4
577 204 86 374
91 463 387 612
195 497 375 280
306 184 297 82
102 287 106 471
114 96 449 419
250 448 232 439
587 254 460 141
522 533 577 290
39 99 11 397
143 270 462 232
199 312 601 127
164 596 331 155
284 343 366 154
238 564 394 573
146 594 244 230
228 327 177 67
13 26 505 24
144 224 4 525
471 363 66 604
231 280 599 117
97 326 474 324
489 142 484 598
245 100 96 143
389 279 269 301
39 502 448 452
322 431 357 506
498 260 54 378
298 136 463 538
424 141 480 193
614 325 435 403
341 85 278 602
482 60 271 238
443 396 313 362
38 191 133 350
421 127 238 346
109 446 238 617
569 4 24 102
245 228 529 198
475 72 610 575
109 57 371 376
72 505 99 445
618 36 212 181
563 614 139 547
280 486 397 194
164 165 356 490
511 147 236 167
395 276 43 47
17 327 55 620
447 1 530 186
271 403 522 445
294 50 332 248
503 515 221 301
378 174 243 457
255 279 620 314
111 230 610 303
154 606 302 51
457 226 498 564
344 113 331 85
356 68 352 604
247 0 471 596
57 246 447 370
134 525 62 486
488 498 465 258
276 331 526 1
586 572 236 347
94 77 545 366
448 393 391 0
437 605 330 171
240 192 138 204
340 316 351 382
353 392 555 196
459 105 373 27
112 549 473 296
574 263 551 486
242 334 280 563
154 452 112 86
517 295 437 336
560 581 614 231
232 156 54 134
19 351 423 508
210 453 68 427
407 316 422 199
278 502 271 295
522 322 248 0
440 309 297 161
176 218 440 506
397 366 421 342
562 316 617 265
147 198 56 392
197 408 394 38
550 514 97 77
118 335 85 549
31 475 494 123
458 606 142 346
352 417 209 525
398 27 582 394
214 592 55 486
529 312 194 10
17 404 362 577
353 270 415 210
552 174 612 319
152 301 322 462
351 49 139 253
281 128 410 338
11 58 42 74
518 436 228 264
286 577 23 388
350 463 98 384
46 455 531 614
387 443 579 323
121 236 333 274
453 278 158 161
291 559 14 41
490 259 614 517
365 371 290 224
512 21 395 539
131 219 38 577
302 348 390 129
103 92 508 447
286 402 411 544
4 163 344 581
578 62 152 360
488 603 499 500
104 91 208 618
535 29 237 405
60 375 531 7
88 122 504 547
538 226 262 296
391 468 112 17
105 489 134 219
364 187 139 565
126 484 613 153
154 478 511 38
343 138 98 67
447 327 3 142
209 23 302 296
348 157 160 305
67 300 140 60
479 429 592 236
285 300 379 126
151 584 173 524
377 168 219 106
310 436 409 490
98 532 56 234
357 377 407 51
59 423 343 389
558 132 534 293
132 322 545 130
388 243 481 273
95 579 497 526
389 194 390 178
38 197 182 198
371 416 578 335
482 22 605 523
469 307 328 320
459 152 206 315
576 128 153 235
536 420 292 90
102 537 153 378
281 206 448 494
124 420 618 500
66 522 211 599
548 54 210 406
170 165 22 546
379 104 250 162
100 217 257 456
590 520 258 317
214 202 395 297
585 227 35 468
325 142 323 245
186 299 603 207
614 174 240 333
27 123 336 491
496 567 318 330
490 527 151 4
297 311 553 91
427 524 29 98
186 245 161 417
327 347 97 165
102 462 473 253
385 574 612 324
171 195 374 491
333 184 129 78
201 242 105 543
195 5 440 99
404 371 506 602
536 612 252 542
307 300 405 134
470 97 181 55
385 96 282 65
220 577 604 306
307 28 607 121
463 256 311 99
121 252 579 596
539 104 606 298
394 400 187 535
96 142 263 10
544 298 155 406
125 277 538 173
25 344 227 545
288 431 418 172
37 333 589 192
340 35 553 451
214 487 508 586
595 253 550 558
225 131 272 575
457 481 396 21
579 545 69 423
363 377 1 176
6 369 226 18
517 53 72 533
158 343 112 191
49 506 547 208
427 286 560 354
63 34 295 502
547 140 604 1
461 50 233 460
74 599 241 379
238 585 275 278
477 461 599 286
206 415 404 36
387 306 162 207
22 254 476 295
494 320 28 206
377 590 249 330
308 154 211 540
325 356 373 378
411 455 426 571
545 75 55 84
20 275 524 351
153 29 14 616
222 203 378 604
530 280 294 579
426 586 205 362
7 288 478 275
323 293 556 163
603 220 243 524
193 263 595 505
32 0 417 588
559 287 398 534
169 485 249 58
131 28 219 292
581 411 534 241
164 209 79 544
63 466 15 110
245 329 27 323
543 616 396 402
527 11 562 302
368 118 513 21
53 494 282 196
133 523 177 207
115 345 520 324
280 1 21 91
462 58 167 46
98 556 71 212
205 450 525 448
533 597 109 71
601 187 0 541
161 555 300 187
582 564 398 148
265 598 159 573
398 0 271 253
534 214 72 42
603 472 620 612
343 508 89 439
489 568 13 575
405 433 53 170
15 372 1 200
13 89 357 163
239 51 584 3
75 475 217 446
151 464 253 616
399 233 143 261
114 47 118 503
126 387 483 94
191 3 283 362
131 460 410 423
355 256 597 520
122 305 277 399
562 558 383 424
121 542 45 354
452 167 612 560
235 500 190 174
432 487 63 295
177 415 597 580
569 545 421 342
495 210 454 20
220 349 290 475
267 23 90 548
620 333 457 77
338 87 550 265
409 392 592 135
346 614 313 512
483 611 65 419
144 493 234 379
485 321 398 159
12 268 343 105
620 372 313 229
110 175 154 396
576 543 256 295
24 262 542 609
586 203 198 440
177 574 112 504
370 324 302 27
299 209 408 328
357 613 390 453
500 613 547 569
607 113 217 200
198 435 54 302
94 2 342 248
322 199 339 391
592 87 591 484
423 587 550 78
45 364 593 8
81 105 78 15
150 36 342 11
156 552 428 232
540 89 4 419
203 57 488 162
6 461 559 113
506 63 350 390
220 365 364 52
116 48 12 359
102 231 535 594
485 68 214 585
544 29 129 301
388 163 71 227
53 397 44 78
426 519 71 141
71 142 553 369
0 323 221 224
453 340 358 189
409 170 556 272
292 5 360 597
203 563 475 509
582 244 258 367
373 32 351 142
353 23 599 485
500 5 608 124
106 156 131 196
535 418 293 568
611 548 578 476
613 367 80 161
48 141 420 407
227 354 124 95
26 21 283 136
293 548 573 208
228 254 431 311
60 283 288 560
534 506 436 191
401 263 582 354
235 391 459 227
374 182 272 90
431 204 210 200
224 343 129 234
114 96 23 607
46 351 85 453
217 16 599 170
510 123 511 491
30 79 175 553
543 466 135 91
83 160 290 86
458 277 261 214
564 205 423 385
120 99 583 414
141 534 616 24
188 343 396 330
199 219 385 187
357 541 44 425
221 575 171 244
607 371 41 566
262 207 541 468
34 449 502 244
510 336 566 444
35 364 175 192
405 443 28 379
478 187 123 425
596 230 23 147
124 176 283 522
491 305 470 210
558 162 260 96
495 379 18 87
218 473 370 64
235 616 212 308
614 406 437 288
552 441 35 563
52 129 60 540
346 554 92 479
168 190 21 336
268 256 493 97
367 471 395 607
402 213 563 603
37 2 502 23
36 64 42 98
510 616 125 461
51 336 303 476
426 603 52 467
85 209 384 363
1 281 495 103
96 392 385 355
596 437 542 391
384 530 321 32
607 49 427 372
317 150 7 520
491 375 65 220
319 124 370 257
112 13 335 161
400 460 434 71
122 18 191 386
44 376 164 53
124 282 5 307
144 497 537 435
162 223 281 604
540 424 234 325
4 570 184 444
183 191 320 238
618 243 442 490
331 181 86 334
494 101 296 601
466 109 79 54
342 379 372 348
611 293 433 75
447 604 339 117
203 612 292 324
268 529 315 129
309 417 376 365
43 499 163 315
264 80 75 373
586 355 342 365
69 529 370 521
445 324 70 202
520 114 473 36
471 135 359 229
120 459 363 456
212 283 70 138
104 610 323 419
328 424 576 348
185 190 414 213
459 13 98 109
313 454 62 382
214 278 567 64
525 479 121 44
109 532 568 297
238 406 468 219
607 418 536 448
179 95 90 171
349 113 6 60
536 442 444 567
445 93 381 529
459 491 247 469
204 603 312 446
373 531 127 295
77 14 306 537
608 246 330 541
323 181 19 597
510 179 67 445
157 435 472 301
145 139 429 259
519 306 83 284
155 536 32 107
11 433 316 494
325 140 567 380
596 122 519 5
272 98 31 77
266 311 477 376
251 352 504 173
135 142 551 315
386 450 98 202
75 446 319 511
321 591 296 223
144 189 287 71
543 519 587 222
512 367 326 101
362 433 253 567
486 607 452 319
14 342 421 180
237 483 542 282
6 186 558 341
530 13 612 370
605 228 155 217
511 214 526 57
52 242 194 541
321 239 196 379
606 549 169 350
182 152 491 549
399 365 517 212
191 23 66 247
290 505 273 369
129 322 50 316
153 171 395 44
528 322 369 286
580 322 8 513
352 299 432 452
213 31 334 64
496 81 8 23
459 620 389 105
308 266 61 433
531 455 253 105
472 390 262 66
220 350 528 67
349 424 552 29
173 541 385 552
476 40 48 320
40 524 101 447
287 284 499 246
517 39 305 573
58 564 449 121
66 352 231 591
187 553 587 534
313 33 313 231
383 612 599 357
238 312 593 176
401 336 541 247
535 562 448 403
190 285 332 499
507 326 95 375
285 477 267 610
52 220 104 71
231 421 616 179
300 202 558 86
360 527 325 344
441 60 293 151
175 472 500 422
280 557 412 373
438 386 297 309
233 232 165 553
208 117 190 418
165 288 104 143
318 594 80 352
69 305 516 88
512 541 355 575
472 385 439 568
112 409 20 576
550 22 129 467
261 366 242 601
106 181 89 354
468 600 67 296
416 107 71 261
479 503 269 311
11 467 540 131
231 552 398 568
380 127 418 573
136 385 527 412
580 21 28 175
611 67 536 353
264 551 367 267
208 511 408 336
544 26 67 58
105 509 520 182
614 97 298 585
437 302 561 9
613 183 293 57
73 505 440 357
177 617 423 154
380 301 376 526
394 502 39 379
56 293 589 174
118 203 340 242
183 423 165 264
253 212 269 105
39 260 448 396
109 122 112 603
309 433 425 248
358 412 38 586
190 554 268 130
266 510 521 163
191 71 208 408
382 49 379 342
134 255 89 566
566 537 73 372
321 213 190 254
490 109 129 107
124 42 51 241
455 182 601 387
240 440 398 506
412 163 245 42
211 46 528 503
0 275 595 611
402 353 136 500
523 603 159 498
503 319 388 540
0 566 60 128
255 551 270 320
590 526 396 550
178 1 335 249
539 99 40 48
259 147 303 576
200 533 437 208
461 483 342 242
496 481 419 532
339 314 212 564
209 338 328 180
122 260 164 582
427 84 186 466
563 497 92 16
585 317 290 315
159 347 602 571
266 222 47 520
523 429 620 443
36 229 90 260
592 188 499 596
248 425 98 571
528 180 543 147
442 181 599 355
435 155 311 421
426 76 473 559
249 298 469 73
97 343 395 599
613 517 336 467
415 299 610 147
2 112 566 613
52 159 168 615
404 28 263 124
228 341 251 239
489 52 5 364
329 6 420 217
247 460 382 153
280 75 152 609
429 505 171 303
65 235 557 9
274 502 262 196
269 267 309 61
219 335 209 206
40 267 426 526
185 483 246 239
97 212 545 555
219 174 181 113
142 600 557 383
168 372 82 11
438 310 193 562
308 18 498 140
602 570 579 139
328 281 301 404
377 303 296 531
111 175 152 281
617 181 190 272
77 267 407 566
426 215 325 431
81 166 453 327
188 364 27 147
215 539 116 295
582 506 486 24
122 569 319 202
95 299 542 616
92 395 39 401
585 265 313 546
7 538 573 443
577 586 474 551
374 309 421 98
159 211 25 579
265 519 272 72
43 578 140 576
78 295 184 227
602 110 8 569
91 27 583 447
584 562 429 256
139 246 350 360
331 437 139 21
3 15 465 461
195 460 38 89
352 232 182 309
404 77 87 368
198 609 427 325
481 316 167 388
584 295 188 332
448 244 467 238
615 153 572 161
156 140 605 564
256 269 203 400
438 545 417 195
368 170 392 539
51 72 511 585
250 565 430 392
209 226 206 366
64 323 506 121
495 222 14 77
304 577 491 73
234 83 224 116
605 100 414 108
507 602 350 269
324 421 535 426
150 172 502 180
542 406 379 13
112 100 137 544
591 324 357 241
617 10 76 557
423 211 500 591
201 70 295 239
45 356 250 33
222 75 89 158
269 139 301 356
87 596 367 265
180 528 534 353
56 556 523 310
89 558 515 330
537 584 523 244
154 545 138 404
565 321 110 497
535 94 66 216
554 314 334 445
101 58 233 514
15 343 168 195
527 16 41 468
78 71 123 16
608 452 435 246
14 92 241 419
526 134 169 140
234 124 613 427
314 144 207 142
42 98 204 101
514 396 100 34
28 438 601 29
422 482 619 268
347 515 592 374
381 157 110 493
483 67 425 341
458 185 350 415
455 323 201 433
131 182 311 200
117 214 590 565
5 534 511 345
333 75 54 262
206 533 379 184
447 225 319 451
249 368 513 110
149 208 584 290
254 157 290 444
316 202 555 149
457 276 87 252
424 50 388 83
71 523 493 35
111 18 204 394
299 608 348 280
154 479 234 502
142 460 230 423
416 200 144 263
312 582 309 608
118 14 491 259
374 605 529 169
357 38 586 171
534 311 106 257
259 607 56 250
526 282 85 418
352 332 484 109
581 113 393 568
606 137 254 371
398 116 357 33
111 371 489 141
220 374 517 500
91 94 257 42
152 579 228 172
469 90 618 484
151 91 82 498
530 608 552 555
506 420 4 294
308 123 268 408
398 588 271 376
101 97 480 611
193 518 262 19
369 216 216 319
67 468 412 421
276 473 122 289
573 102 254 605
40 369 27 316
441 563 87 479
213 515 316 201
171 595 205 603
333 98 301 572
83 216 428 11
47 177 232 52
341 23 21 162
409 22 295 479
494 371 102 523
230 341 479 249
602 592 124 525
163 53 510 545
310 496 435 55
541 66 560 616
341 343 580 162
143 375 74 288
316 556 12 195
249 1 463 326
378 1 427 32
46 169 526 277
70 246 445 574
560 377 131 509
525 330 290 276
547 232 105 409
260 604 513 145
98 606 488 104
295 157 353 113
111 54 355 4
532 30 133 269
576 449 85 520
240 285 42 50
274 67 60 102
26 564 494 259
305 209 527 421
124 477 498 223
150 439 131 308
619 225 454 397
83 283 401 356
616 322 442 613
330 476 261 619
310 294 232 46
176 144 44 611
341 298 518 274
203 14 358 83
21 84 292 23
542 143 463 293
201 261 185 76
9 156 179 298
540 382 548 379
588 160 463 352
185 593 345 228
238 157 561 312
119 225 497 395
32 337 319 539
45 479 536 157
602 308 484 53
249 141 480 91
547 512 238 192
530 226 280 356
540 232 189 502
307 51 517 11
415 63 131 10
149 389 189 143
315 570 58 371
326 84 546 215
50 273 217 321
153 509 393 204
534 128 296 559
580 288 370 104
156 421 312 560
145 195 568 521
546 192 33 445
134 225 517 437
569 37 266 438
167 132 345 222
169 120 138 233
367 114 320 251
48 168 59 20
361 445 360 490
15 132 340 210
297 382 533 152
545 517 40 80
471 245 100 69
299 267 457 374
78 619 78 288
137 114 9 410
462 496 534 496
68 374 602 582
565 261 583 337
606 375 294 188
419 240 206 563
377 290 401 379
90 175 337 521
66 48 405 96
336 406 350 603
317 151 329 17
467 545 175 387
533 313 136 341
126 559 133 269
476 333 247 273
322 142 169 620
95 243 87 26
336 192 229 371
466 498 41 231
49 563 126 323
299 193 428 436
226 239 602 477
547 293 243 528
229 416 503 388
215 520 434 421
95 610 608 45
232 618 139 619
127 197 434 484
380 103 211 72
559 487 369 519
419 194 467 591
175 40 86 493
296 98 302 99
17 368 467 365
269 531 378 406
248 316 229 33
426 231 91 617
323 608 22 131
165 246 137 593
41 48 491 475
318 463 157 211
557 77 390 66
574 268 256 540
42 506 436 128
300 555 479 83
141 32 279 576
180 21 46 77
122 14 337 282
70 189 205 219
425 617 361 291
308 479 46 594
266 610 280 7
60 381 535 157
450 378 433 32
563 318 1 410
539 62 43 313
328 424 612 329
601 306 109 288
584 587 89 449
485 83 512 138
254 210 257 249
490 308 447 496
508 176 13 261
535 620 197 526
221 282 203 93
315 133 577 602
427 382 446 456
564 530 24 176
542 203 142 542
66 601 599 348
379 420 240 383
135 36 270 159
127 614 438 609
159 315 217 216
104 445 271 510
504 389 9 162
547 436 228 38
428 213 587 339
352 471 49 46
105 283 516 93
137 535 52 328
364 513 590 170
444 444 37 609
336 97 257 50
149 541 368 476
92 176 82 215
302 89 168 542
470 530 596 438
39 319 85 406
85 596 591 527
91 213 556 242
150 135 374 158
326 309 74 55
63 430 136 611
160 134 595 244
314 306 80 50
22 105 128 477
450 561 126 107
536 169 522 607
237 191 197 368
64 329 375 316
328 314 458 609
216 495 247 232
438 356 554 11
73 469 33 330
199 527 476 326
32 161 369 61
152 227 248 422
460 324 333 585
431 305 209 293
233 351 134 21
146 559 520 160
74 397 554 37
340 41 505 265
539 294 258 114
460 380 46 443
212 481 447 418
455 306 444 608
578 289 316 272
356 118 227 256
520 242 153 451
606 614 532 64
523 327 509 514
326 526 85 98
72 608 611 176
569 143 234 263
511 151 101 284
62 353 282 375
447 357 80 204
547 237 222 268
6 424 261 155
294 236 408 333
28 404 71 164
451 505 557 307
407 214 4 559
506 263 190 596
357 417 130 535
213 553 618 578
276 450 590 424
503 242 424 292
75 388 163 602
298 182 371 310
212 338 600 522
597 499 487 314
617 1 423 337
202 612 463 337
491 450 38 312
165 444 310 619
510 228 99 595
177 327 67 489
566 156 118 183
605 10 177 197
449 526 101 299
335 5 415 289
199 42 362 221
566 544 421 459
110 607 575 598
497 464 261 233
529 204 122 277
21 51 51 502
9 289 486 209
204 398 427 295
606 58 495 325
112 78 200 79
620 243 209 300
477 339 488 102
113 387 349 254
613 26 301 610
257 318 582 494
569 527 534 193
273 237 485 274
414 205 38 578
567 228 574 429
186 403 601 434
42 294 167 230
106 260 301 405
244 360 15 195
508 6 349 569
210 77 539 537
88 298 148 320
209 302 11 302
88 450 131 259
11 427 8 486
313 159 57 499
562 436 310 140
72 279 33 557
516 522 262 460
315 302 297 451
584 377 459 444
262 346 435 248
320 444 388 526
281 341 551 6
278 200 575 417
8 496 231 327
517 176 515 391
167 612 226 585
397 221 582 616
149 99 504 255
492 593 475 541
283 477 526 596
250 131 199 360
297 347 268 422
342 249 403 512
496 44 297 299
40 581 249 109
214 467 564 536
133 195 116 186
57 115 167 250
563 600 121 208
267 123 50 414
129 230 591 11
45 114 102 319
205 291 193 167
477 43 472 375
544 150 169 392
264 91 318 43
487 45 46 142
414 516 534 351
141 231 120 408
251 287 56 248
576 558 516 217
470 609 55 535
405 57 67 225
607 542 548 151
269 243 450 423
167 448 350 381
455 246 37 558
241 176 13 71
136 186 138 618
22 190 339 26
585 564 275 474
245 451 538 337
442 190 486 614
279 93 106 206
64 576 514 243
442 99 238 186
288 166 63 255
527 269 146 366
112 208 517 364
467 405 536 2
584 277 506 227
295 57 438 375
272 518 540 326
329 308 157 459
439 202 481 488
73 444 435 426
501 232 418 159
180 378 83 550
346 0 563 610
509 290 416 526
198 340 227 409
404 266 101 265
540 250 538 67
103 521 313 248
368 608 493 157
468 75 504 609
405 463 19 153
605 424 392 448
541 32 417 22
218 465 251 456
573 574 87 417
544 242 613 370
342 335 134 554
567 574 256 251
3 505 176 429
159 547 89 219
178 86 279 337
5 260 523 271
481 142 151 468
473 565 329 217
326 217 516 155
222 61 390 398
404 540 46 546
489 598 414 171
123 65 416 315
205 276 525 354
357 244 31 95
337 459 397 608
138 475 565 590
387 60 126 457
130 321 246 395
490 389 397 553
235 147 237 544
394 453 49 619
550 113 495 145
303 608 19 482
500 444 562 495
11 533 329 564
387 0 467 105
53 384 273 519
260 511 372 617
497 454 1 393
313 482 293 133
160 422 427 261
236 217 431 132
20 35 479 302
351 351 533 424
409 3 548 331
421 73 478 364
561 585 608 254
213 276 565 547
421 437 171 441
232 577 443 360
340 38 524 353
554 241 147 525
32 251 194 389
530 50 456 364
99 86 79 399
542 202 417 569
569 93 268 29
237 236 306 475
283 168 272 394
234 579 253 407
68 58 518 362
363 331 428 287
266 217 40 169
271 325 244 265
93 455 32 18
291 47 605 597
498 29 155 129
43 616 329 105
88 520 149 357
102 520 483 453
14 377 319 201
194 420 106 278
385 326 478 110
122 610 528 379
609 98 381 148
258 476 343 176
218 423 503 234
144 593 381 149
376 69 603 495
301 169 32 580
369 573 307 215
508 580 488 354
553 541 67 619
542 471 295 121
134 173 619 216
271 128 469 452
366 555 45 419
554 142 131 50
577 79 516 269
522 81 219 263
230 262 594 428
363 495 487 214
375 293 372 23
531 99 184 50
282 265 352 305
313 149 135 0
423 540 169 556
581 147 162 48
151 49 565 259
200 1 184 69
564 16 124 378
326 323 174 118
571 356 181 321
278 329 440 613
428 85 329 440
151 108 101 275
349 350 157 319
558 185 505 376
429 12 26 124
178 104 592 45
466 125 243 612
443 57 279 173
549 321 313 247
111 87 406 380
465 283 122 574
278 520 25 464
496 561 132 197
27 151 225 279
17 285 401 241
587 35 305 261
90 298 458 182
385 311 74 206
266 414 20 617
564 274 352 217
30 612 565 410
468 323 59 431
305 416 44 11
136 297 185 184
506 25 109 288
461 387 265 28
313 60 49 606
65 389 450 502
523 513 542 244
525 170 119 539
210 352 520 243
270 611 65 491
339 128 127 326
487 375 115 446
378 610 217 560
125 226 365 460
561 6 16 199
504 123 170 431
178 500 304 23
479 569 3 187
431 423 484 49
71 165 539 108
425 91 471 231
161 441 107 103
43 558 80 279
471 256 278 123
471 253 250 304
566 584 378 598
569 119 121 353
532 447 26 603
26 615 384 527
378 232 74 245
20 591 604 427
528 573 184 134
361 142 407 440
385 540 450 542
584 238 255 29
218 599 401 77
156 158 479 297
103 98 491 42
196 104 589 81
605 239 280 459
48 456 24 225
486 509 365 526
136 480 23 58
510 44 41 182
49 557 183 550
309 5 551 362
132 213 94 255
458 180 116 525
6 559 377 432
385 69 160 103
309 99 490 325
455 138 211 563
68 163 608 184
535 541 568 612
303 205 535 596
607 443 565 247
429 208 260 101
11 436 216 193
244 463 14 132
346 70 499 135
353 60 480 49
497 313 109 169
90 374 138 0
174 384 98 384
566 124 151 61
224 68 20 496
543 433 225 57
40 141 612 560
334 398 582 234
340 547 104 104
210 533 301 353
17 127 370 36
352 117 591 470
134 415 130 307
393 42 20 54
41 183 453 26
572 93 356 341
384 549 208 508
355 439 247 66
196 133 258 253
592 148 81 184
596 405 262 377
522 25 72 387
171 34 295 242
604 213 241 544
401 7 375 221
227 577 314 460
169 406 207 219
327 128 147 494
66 111 447 470
13 130 95 571
477 166 562 442
380 498 24 318
38 395 107 108
60 432 185 20
393 192 54 604
323 455 325 239
87 103 179 289
394 418 207 82
206 403 330 416
281 182 471 390
94 203 543 468
154 315 70 4
142 403 560 227
18 471 5 95
177 4 132 120
280 254 213 450
499 496 324 441
86 119 181 159
151 23 382 315
333 276 398 532
280 352 471 136
6 188 18 367
240 272 240 92
596 421 472 604
51 275 270 537
470 270 16 413
234 241 304 131
580 485 233 464
157 340 91 325
564 93 366 299
391 404 17 573
189 348 328 456
280 316 173 126
617 378 435 195
521 270 491 595
572 98 323 585
10 34 117 47
459 550 444 138
423 365 127 193
116 438 208 12
292 252 166 328
29 582 268 169
601 72 602 510
434 294 23 122
156 225 396 482
539 23 481 510
435 78 353 3
534 159 211 459
496 507 325 18
425 362 73 181
283 413 592 71
603 448 184 252
277 546 394 58
317 341 313 491
252 562 350 280
8 571 332 61
452 25 407 384
458 2 281 153
604 234 224 420
183 241 367 334
62 504 51 255
64 195 413 137
148 354 344 149
57 268 453 363
538 13 551 257
462 429 18 456
59 459 202 550
262 301 448 184
185 4 569 370
221 331 255 204
489 350 546 243
115 236 444 188
233 310 567 325
312 175 551 473
427 56 574 318
304 363 230 299
217 395 171 468
395 100 578 366
65 255 410 421
452 550 212 473
304 53 445 316
273 544 44 313
467 143 145 28
486 230 216 550
243 98 416 110
553 32 506 539
288 198 48 60
91 580 32 344
444 81 286 60
527 254 437 135
188 463 0 29
366 172 577 269
212 285 95 54
361 527 485 329
150 460 15 331
595 580 488 435
414 277 231 353
404 89 423 584
307 496 605 52
65 343 294 393
28 119 88 133
165 493 508 311
27 381 484 34
232 506 195 120
124 297 577 241
609 499 254 124
85 591 206 60
476 36 118 552
241 341 226 206
325 50 312 85
77 107 311 180
234 488 527 38
298 176 40 515
201 125 447 326
423 616 84 280
69 330 322 35
209 194 441 362
340 12 483 18
546 161 57 102
539 45 160 64
545 345 544 44
354 165 10 474
41 593 394 385
200 354 353 541
619 482 566 135
575 513 331 506
276 364 591 193
526 16 163 488
588 471 69 436
603 237 338 324
110 499 51 410
321 57 600 532
498 19 64 181
516 360 517 511
128 296 232 611
607 6 489 421
61 244 534 202
586 257 448 136
166 76 607 159
153 338 287 62
325 94 364 190
298 15 449 273
308 487 351 164
576 428 423 37
325 110 471 416
233 546 6 54
387 52 563 555
597 93 125 448
24 114 130 162
15 318 589 310
13 380 139 147
137 55 449 565
315 193 3 487
358 29 73 490
271 314 484 597
252 231 432 372
328 381 61 105
399 433 580 79
138 536 47 606
392 87 300 174
142 605 546 259
240 491 12 118
136 432 499 479
77 74 1 489
550 250 195 271
472 603 394 146
524 475 28 121
319 272 255 273
206 314 308 50
207 180 326 130
265 452 421 512
73 45 352 259
329 43 244 60
9 116 43 384
392 374 536 261
339 538 542 409
221 109 27 60
155 273 296 576
183 254 192 30
1 223 296 408
122 405 137 577
95 598 273 299
599 36 234 369
457 387 320 448
425 527 529 542
418 523 486 244
178 224 343 238
106 201 92 354
284 538 412 366
379 447 46 430
500 92 426 172
539 264 380 538
175 539 97 542
193 257 387 343
416 608 13 195
44 153 457 296
269 616 113 286
603 429 119 429
7 45 11 263
414 531 326 536
193 261 52 439
473 380 465 12
553 354 527 187
424 404 522 612
339 422 359 450
371 451 354 140
322 435 158 199
317 422 302 289
8 574 225 1
166 335 269 458
420 53 588 446
257 102 401 149
419 217 433 543
151 442 216 136
541 209 10 496
373 46 73 570
607 359 344 523
562 435 243 515
167 509 360 137
182 213 233 313
496 407 154 83
481 320 258 242
361 296 538 550
18 271 246 299
370 306 236 546
162 297 240 318
213 611 254 436
320 592 477 120
77 268 134 470
429 93 614 21
258 420 26 592
387 341 418 105
608 420 9 498
612 537 45 467
360 120 276 607
563 387 513 424
504 32 173 538
288 91 52 140
210 269 323 247
57 527 418 99
193 590 99 117
392 111 490 444
280 121 111 225
456 405 123 114
439 615 321 15
552 265 13 365
544 74 299 599
462 330 242 536
318 342 342 132
53 437 122 491
88 577 294 289
18 555 501 353
206 41 352 230
134 408 96 203
37 197 424 100
220 322 508 94
94 118 178 9
599 118 411 566
405 362 352 368
489 68 617 564
479 578 465 138
530 498 331 609
489 13 239 222
88 245 208 580
381 109 315 218
203 213 604 379
227 355 43 66
93 82 118 463
417 54 164 546
603 601 191 60
420 15 34 23
543 438 160 535
282 302 63 536
182 70 49 13
508 207 136 426
289 606 279 517
