1600
143 184 575 305
91 340 139 138
310 563 576 327
538 437 600 330
80 139 295 426
238 489 570 345
564 531 203 210
112 537 536 271
296 506 443 603
172 448 369 91
223 435 298 545
510 268 379 219
353 69 272 569
377 70 616 291
404 190 527 465
203 411 615 60
580 31 158 536
173 615 138 107
288 342 110 445
95 9 512 300
301 422 565 317
303 490 519 245
251 474 552 524
471 268 213 103
588 180 81 575
481 35 121 394
7 514 103 29
588 514 113 359
322 231 566 536
294 503 311 420
396 236 82 47
203 61 326 482
479 504 214 402
516 459 525 444
265 318 463 281
102 109 168 432
562 50 368 512
48 563 411 354
522 262 86 620
333 336 242 16
2 359 188 461
320 378 611 401
302 8 20 352
349 223 141 468
441 472 52 317
543 378 203 265
389 134 544 280
224 545 578 481
111 266 460 494
24 380 398 80
361 475 567 171
511 134 427 278
319 540 186 311
240 385 465 490
556 262 409 30
136 395 68 552
427 473 415 180
598 160 450 143
143 266 186 388
132 320 438 250
558 521 128 483
469 609 499 237
224 212 600 194
127 214 504 285
603 277 304 475
167 168 548 538
98 55 400 225
390 353 104 262
55 256 326 62
247 439 465 224
155 508 335 351
206 18 354 410
208 279 162 168
143 11 154 485
170 186 170 620
491 15 350 203
150 427 189 36
439 520 181 429
487 404 13 227
212 176 2 193
253 32 134 432
13 40 549 531
365 313 158 536
596 37 539 479
8 307 195 431
172 597 122 318
134 554 517 393
576 12 374 437
394 325 267 514
161 438 460 33
169 222 547 213
424 165 448 610
476 18 508 159
121 365 248 334
488 601 403 232
247 85 126 393
141 420 117 294
225 325 281 559
78 234 348 132
341 76 228 396
554 270 92 87
265 548 517 130
144 442 181 393
137 609 389 268
562 589 245 182
120 280 164 175
107 609 0 38
586 272 449 511
464 540 177 385
135 549 318 126
99 88 142 343
219 271 276 315
453 537 453 64
29 268 374 177
431 276 519 498
453 27 434 195
434 139 274 262
411 125 271 374
36 513 574 344
196 460 478 589
566 295 45 391
610 250 194 83
316 138 552 562
52 361 111 584
225 507 43 531
450 300 141 203
339 368 131 394
225 136 210 488
260 146 246 562
123 37 475 606
246 616 122 364
488 425 249 384
485 61 234 491
614 501 26 443
279 431 95 33
600 615 467 432
62 150 293 452
513 578 23 126
596 64 284 540
186 220 301 552
393 499 124 592
537 179 545 198
66 370 221 426
494 290 481 561
336 426 336 63
55 446 305 339
22 106 20 128
511 490 505 422
346 482 321 527
511 548 507 154
319 466 306 412
75 358 553 315
44 543 477 64
383 169 240 112
42 580 80 298
165 439 14 339
374 286 520 337
404 335 365 430
519 468 112 44
133 432 5 191
134 115 214 582
521 556 502 165
186 472 459 486
586 129 599 392
384 305 39 3
244 596 23 535
357 245 620 130
315 180 157 277
224 269 74 261
330 78 311 459
293 108 47 273
331 227 180 471
534 410 414 517
399 264 124 480
77 498 472 93
544 490 179 605
558 417 478 65
16 56 193 446
316 482 616 475
90 161 519 359
77 134 130 580
92 251 18 76
447 427 348 261
566 389 127 419
348 342 516 602
548 384 28 12
342 472 428 21
232 566 112 366
118 419 185 360
294 156 321 312
477 544 485 391
239 519 1 127
133 230 299 538
116 1 145 320
284 459 511 495
250 214 64 132
255 318 322 254
170 187 508 495
145 49 620 611
25 607 565 335
444 461 424 238
117 219 426 242
315 481 288 244
452 591 29 9
73 549 128 203
255 181 206 220
340 480 336 120
329 546 356 360
432 252 480 30
219 275 211 558
539 15 486 416
42 19 265 59
573 28 512 320
381 36 191 606
252 24 619 321
243 66 147 448
491 222 161 309
456 449 201 210
388 430 217 242
193 136 273 357
386 105 98 151
352 276 12 152
112 421 276 339
504 396 381 438
279 143 380 436
26 130 70 108
377 583 412 580
105 70 535 129
609 212 285 218
320 209 354 211
327 569 457 118
133 422 116 257
219 351 37 88
335 246 6 257
605 56 324 376
421 290 305 3
363 453 183 365
302 0 166 31
576 598 185 604
297 575 603 609
495 372 383 56
70 316 310 496
146 333 5 512
322 433 552 425
264 467 230 65
184 196 482 270
449 297 444 54
302 602 130 286
45 443 172 214
104 348 579 612
322 45 278 575
258 276 109 351
392 148 231 548
521 470 253 601
291 376 275 223
257 321 416 297
517 72 398 59
386 505 51 40
377 378 19 109
396 469 414 36
266 300 203 388
256 154 7 287
173 469 375 68
592 501 105 43
299 538 14 153
418 506 62 125
530 186 185 42
393 318 217 459
559 589 503 75
377 26 569 472
228 187 170 422
220 537 441 568
156 30 50 531
49 144 281 455
132 249 563 118
334 503 485 449
311 336 483 14
189 366 225 107
485 578 517 226
17 178 200 129
402 213 270 325
504 381 141 407
609 57 195 251
521 166 453 356
275 619 318 378
149 145 185 353
378 545 376 480
127 582 339 511
226 79 154 58
57 479 190 294
119 251 38 617
359 279 479 189
84 292 524 68
415 207 190 498
471 520 259 276
545 453 231 375
131 197 165 416
205 97 534 372
433 101 190 186
504 163 551 607
71 15 240 558
417 107 588 556
499 1 370 485
163 317 160 44
132 318 562 262
74 376 102 413
446 396 358 428
136 541 132 217
514 283 184 403
196 588 256 62
333 330 536 401
222 191 189 567
451 46 66 298
2 459 102 322
600 509 93 320
156 324 158 560
285 150 406 464
82 252 111 51
151 433 596 566
505 321 321 80
436 348 289 489
178 176 44 472
230 532 411 590
97 224 280 610
595 225 384 373
235 1 81 262
258 420 462 213
458 542 222 578
110 611 360 403
298 180 457 459
69 397 392 182
528 366 195 202
135 150 188 162
300 454 192 580
185 222 151 279
189 319 413 50
205 499 87 388
586 142 236 601
412 92 466 119
579 427 110 354
238 351 616 11
511 19 368 465
573 184 200 467
380 458 459 513
602 381 525 289
527 57 401 229
216 203 50 469
351 119 412 270
588 529 117 158
609 558 432 570
572 88 99 89
102 393 356 490
576 54 410 576
555 153 25 561
501 403 317 529
555 504 158 429
339 263 115 592
306 538 176 339
56 151 455 346
254 526 267 277
319 481 129 130
81 591 317 84
235 231 554 461
473 494 460 74
312 208 560 465
105 44 338 200
620 218 383 31
586 481 292 427
459 550 65 437
502 486 163 438
554 296 461 148
401 555 556 603
526 37 248 493
361 96 577 121
338 614 291 135
262 522 448 265
35 596 370 512
121 408 242 591
219 44 604 463
110 98 313 507
478 309 131 267
343 356 455 189
341 345 134 421
467 309 181 344
435 484 457 85
545 406 428 570
438 517 254 357
312 387 245 313
270 611 531 561
2 5 595 230
188 571 593 457
400 391 28 163
557 125 518 298
404 72 26 444
497 306 599 263
469 599 557 609
508 266 277 64
262 482 515 567
613 438 297 301
581 227 512 129
286 373 527 26
139 219 366 53
87 122 51 114
437 353 614 276
547 596 225 133
287 134 420 248
87 87 410 47
92 298 534 247
497 59 566 344
128 481 432 568
215 444 46 580
541 129 618 115
108 516 515 196
237 599 433 530
559 61 166 408
248 357 408 616
159 132 223 323
247 505 368 568
301 433 144 102
168 162 380 73
185 502 590 5
145 325 259 2
431 86 368 335
218 155 182 124
434 140 553 169
56 579 216 306
576 70 242 227
530 294 397 430
211 285 48 53
234 408 157 354
15 389 339 269
119 81 79 556
240 27 360 164
595 411 320 272
492 464 92 85
68 283 393 284
351 227 313 372
254 320 587 449
317 206 221 377
91 15 498 506
468 33 460 447
612 176 109 544
372 607 334 590
10 252 7 436
499 454 528 140
306 205 135 225
18 398 237 414
273 26 210 524
500 609 437 327
190 370 472 620
203 63 129 319
152 334 99 62
179 541 379 428
582 109 39 444
475 531 61 170
151 9 63 160
229 168 99 553
175 477 564 588
532 282 102 161
164 540 502 483
353 485 187 165
265 265 503 436
397 191 338 476
154 38 177 333
28 524 561 467
481 396 516 541
206 5 197 20
332 203 27 564
44 447 609 564
41 195 610 173
41 549 367 166
292 485 355 444
453 507 389 411
596 62 108 59
563 132 530 24
297 238 221 403
521 283 409 185
30 378 417 192
276 135 589 250
238 596 246 355
466 532 210 416
16 377 393 294
541 256 235 119
69 9 518 401
104 165 477 145
101 305 439 301
17 325 31 390
611 124 590 263
126 380 62 428
25 428 276 414
520 377 536 189
507 401 76 556
564 313 161 19
475 190 237 148
309 473 52 52
475 286 384 596
537 139 359 465
148 30 393 232
48 297 594 415
521 228 1 277
340 456 586 292
591 459 469 489
234 384 278 549
337 395 181 271
514 538 74 265
2 416 10 568
36 546 377 103
252 99 185 504
71 602 593 35
138 75 205 204
201 558 408 263
555 58 350 155
489 371 303 319
503 538 209 606
216 78 490 537
150 387 462 302
132 338 295 402
582 484 441 41
201 489 492 39
229 519 566 513
380 267 370 174
508 272 126 311
245 260 199 315
98 532 219 484
50 4 527 216
362 405 238 170
208 403 350 346
193 374 111 276
89 113 258 376
340 10 205 161
53 561 299 210
296 17 273 58
327 449 446 149
221 160 207 320
97 422 389 468
515 470 519 516
482 147 376 227
242 289 616 402
134 3 353 30
154 296 140 4
126 215 196 125
134 367 293 238
322 578 17 431
606 84 501 359
325 101 483 565
184 311 191 525
52 141 71 114
304 224 90 62
366 48 196 395
423 560 139 317
68 436 86 58
399 296 458 117
0 40 567 142
169 380 610 416
581 24 95 28
455 588 221 196
315 542 496 134
220 553 300 191
54 580 2 532
26 39 142 43
350 463 442 22
582 113 574 314
397 561 60 613
429 370 216 282
150 442 321 221
618 437 571 397
145 214 486 194
543 108 171 85
499 495 415 97
190 221 123 268
439 296 53 138
15 486 496 573
16 413 157 428
283 119 548 581
173 294 12 598
244 345 62 387
523 305 114 225
612 583 82 43
230 503 327 73
7 472 326 552
230 322 523 491
575 16 424 463
198 523 125 225
389 156 284 405
397 609 411 23
266 59 260 369
38 143 511 412
399 113 541 618
406 531 503 275
201 72 617 154
90 285 412 145
289 442 108 329
21 58 482 282
267 50 149 325
374 114 400 518
295 79 54 309
515 394 115 44
550 169 604 519
618 380 351 553
222 580 62 415
590 125 54 456
288 219 195 356
189 344 293 448
342 329 603 145
554 519 472 217
202 174 77 406
135 37 177 163
178 172 29 6
297 439 329 214
73 350 207 445
252 321 176 529
126 201 135 144
12 340 418 528
620 381 546 8
456 306 310 429
36 72 54 150
45 383 113 447
404 422 530 190
541 617 349 182
520 602 163 515
365 593 600 343
330 251 532 354
522 276 254 328
297 428 37 206
215 582 160 145
92 368 555 273
183 219 379 381
360 406 208 610
149 562 14 582
129 584 278 284
108 569 525 106
486 547 445 485
481 521 302 264
205 113 316 154
79 36 188 106
104 128 45 90
506 596 201 92
183 334 353 508
494 148 10 199
270 511 491 70
553 485 79 15
502 552 129 603
363 62 512 186
252 114 194 7
616 602 558 168
356 166 518 251
556 426 246 276
605 395 144 108
47 428 439 526
207 44 580 495
168 174 278 423
129 87 418 385
492 399 112 282
620 289 314 464
67 19 598 178
130 327 178 495
339 328 118 185
277 233 161 50
522 618 471 327
105 473 543 134
225 177 0 314
598 504 119 454
300 379 348 403
108 81 300 223
518 270 540 538
169 8 619 247
157 597 229 555
291 424 283 24
135 359 616 165
268 47 598 361
4 229 130 404
17 583 574 174
505 127 319 30
239 547 584 615
221 535 191 21
237 361 539 30
517 167 548 538
97 469 299 92
605 362 45 394
546 41 76 275
427 195 86 176
85 89 350 124
342 316 180 133
94 566 593 418
593 468 135 190
83 286 221 12
439 523 79 616
551 332 422 165
201 287 396 174
20 445 555 613
575 413 363 331
620 115 365 302
183 454 176 217
432 59 64 358
105 335 421 405
309 406 441 57
277 20 584 457
25 584 131 136
364 399 479 436
330 274 414 468
403 387 317 465
62 534 391 105
480 362 421 34
254 19 130 598
7 536 320 62
226 357 22 352
361 132 47 241
31 145 434 421
56 114 367 544
478 560 368 358
83 87 338 329
230 191 582 106
202 592 388 491
461 109 539 235
115 442 383 347
221 495 575 481
152 22 174 474
218 499 346 425
61 39 573 240
499 56 506 419
590 463 269 127
135 484 589 582
279 526 219 53
299 44 275 18
532 449 61 123
395 185 241 412
310 72 401 217
27 421 480 139
566 474 598 323
266 491 25 318
507 382 156 190
237 605 599 514
156 294 168 421
274 257 282 167
336 570 425 300
109 79 34 137
350 329 352 364
505 255 441 429
446 82 396 217
451 502 74 342
286 41 414 378
125 82 160 353
64 247 124 132
455 193 230 217
370 394 393 111
126 407 275 398
586 156 228 369
16 554 74 218
239 576 449 146
65 83 199 518
364 108 201 609
405 50 342 466
529 230 175 235
214 476 188 45
211 548 532 388
576 309 16 89
547 91 550 283
535 508 288 328
572 367 219 302
512 228 397 562
153 366 481 484
598 611 252 488
48 395 411 176
492 108 156 405
58 364 579 414
25 498 437 325
338 84 352 272
212 250 441 50
478 36 551 236
451 37 90 250
285 303 533 480
243 309 367 108
156 60 15 427
224 436 491 349
561 439 297 375
92 428 44 50
215 519 579 365
14 400 307 495
605 610 116 418
202 434 426 158
513 450 248 157
233 218 326 428
245 303 577 34
485 298 85 585
465 336 151 267
443 486 416 520
247 611 467 489
463 318 262 529
579 147 32 447
551 531 372 85
400 431 378 526
113 307 475 609
293 56 469 176
357 451 16 251
43 538 400 332
446 149 581 227
411 586 299 291
103 524 274 400
619 357 550 11
38 61 312 526
312 278 328 160
309 116 267 235
407 311 432 505
362 585 149 306
87 331 558 130
17 540 535 149
31 368 108 184
221 395 332 123
27 257 95 97
137 545 324 199
310 475 583 23
108 207 305 455
418 68 191 458
28 95 285 116
528 408 457 510
333 456 544 475
561 528 232 533
506 141 428 10
121 566 505 549
202 285 87 566
606 384 0 452
577 483 243 494
324 80 588 184
255 192 507 124
334 215 88 21
332 481 577 18
522 408 586 148
449 246 26 479
285 416 232 279
347 443 571 562
203 495 616 390
92 139 44 402
483 224 20 232
191 167 20 25
137 131 591 177
243 196 516 32
174 136 346 495
108 221 282 27
288 463 545 209
17 172 253 94
477 521 608 256
397 10 532 112
408 48 176 603
194 302 285 125
11 575 200 176
616 550 510 163
365 606 267 433
193 239 46 432
66 137 85 205
222 327 117 374
111 25 127 482
608 265 266 491
509 188 207 464
333 233 502 435
445 450 138 284
344 280 353 38
395 266 90 301
353 14 256 244
605 461 373 40
206 217 78 112
483 588 83 541
470 279 261 172
121 498 187 124
72 319 370 566
409 487 103 473
302 392 444 237
521 534 485 160
245 245 62 513
310 94 36 204
410 486 590 230
568 520 519 40
112 145 587 220
38 147 460 227
401 495 304 30
361 494 201 346
475 87 185 29
236 63 393 231
204 468 185 35
479 555 270 581
512 147 388 575
154 94 292 601
243 360 143 468
5 427 341 412
51 527 35 587
6 190 74 201
147 484 401 0
345 385 446 17
516 66 416 145
380 53 463 115
278 552 511 106
371 589 600 421
358 291 585 51
208 317 171 297
460 476 89 246
379 533 307 179
51 127 101 601
43 390 31 218
303 109 114 534
177 423 85 298
523 214 336 298
274 473 388 604
465 363 3 130
605 613 353 140
357 103 49 58
567 146 370 349
418 316 236 272
329 355 364 414
566 276 576 417
543 23 94 418
283 310 209 376
592 305 399 510
1 440 408 30
280 490 192 90
53 333 206 565
516 473 438 444
140 135 79 257
587 120 606 499
146 507 198 405
331 220 187 134
164 395 353 277
220 16 68 428
143 483 31 73
377 136 247 289
162 119 381 345
475 292 307 291
137 366 316 82
51 147 538 418
277 454 248 280
166 148 472 83
70 577 121 483
525 255 409 432
465 210 532 378
512 112 108 299
604 367 319 410
479 320 56 185
523 579 473 385
480 258 119 240
376 467 548 320
612 516 4 497
218 48 309 119
604 88 240 135
115 380 131 225
355 196 562 612
523 334 235 256
596 63 317 496
207 568 518 554
169 608 106 131
155 177 571 559
511 115 324 54
491 335 538 269
20 319 295 498
91 330 222 464
259 341 66 197
118 412 184 390
123 443 480 232
419 598 349 252
547 208 164 291
26 68 523 381
315 565 65 127
280 454 566 455
165 519 397 543
549 406 16 91
242 271 602 6
356 327 5 571
254 280 415 192
60 108 293 64
491 85 422 137
3 617 9 455
129 146 195 580
450 220 382 541
15 351 146 444
171 594 618 242
598 76 485 205
476 206 574 138
367 516 131 41
11 174 187 213
279 124 224 16
489 238 284 306
301 450 35 108
353 472 542 78
134 147 40 602
606 309 314 460
189 368 18 603
91 371 296 119
417 264 524 561
272 200 174 73
354 544 276 58
544 418 130 567
32 23 224 286
304 412 210 105
217 427 46 246
247 201 419 25
401 368 303 525
14 37 391 414
562 101 284 588
30 183 317 259
525 603 93 600
425 243 479 249
11 52 531 488
154 304 314 613
270 318 358 79
306 243 318 353
378 596 261 579
404 68 560 237
559 586 312 343
66 1 533 543
203 436 368 339
470 220 454 281
83 148 201 251
472 212 106 224
556 553 222 362
601 310 99 464
281 430 578 609
553 217 256 498
620 389 289 539
371 160 531 484
492 261 601 279
495 479 18 474
17 18 273 184
477 496 569 292
602 267 572 500
475 100 256 122
359 619 61 616
15 493 70 618
25 86 80 61
402 481 193 98
38 375 400 464
178 403 133 46
282 208 300 376
474 443 124 150
173 609 559 182
74 454 53 548
334 195 537 24
281 273 481 18
426 302 283 131
107 56 245 267
462 397 221 405
393 389 305 482
223 101 180 99
376 226 279 44
424 435 529 321
483 55 409 393
89 414 473 488
335 15 464 11
324 12 405 467
303 18 608 500
4 48 579 247
410 22 249 531
329 317 530 363
266 471 304 172
67 605 65 519
257 411 557 551
268 574 266 208
79 8 367 110
264 378 566 590
608 370 259 398
8 399 556 368
89 298 21 271
81 22 97 295
599 14 329 483
553 502 231 256
520 587 333 569
128 198 167 148
586 434 365 548
242 343 18 241
108 294 481 370
73 95 550 603
477 88 314 135
317 78 483 617
307 11 247 509
502 349 348 429
121 519 277 363
395 11 25 181
53 524 540 229
605 481 420 84
55 220 572 39
542 248 352 225
210 349 167 36
410 546 508 534
406 201 257 75
282 272 609 535
484 433 618 360
322 223 109 482
456 234 285 381
135 439 102 608
305 593 368 179
63 392 450 137
529 589 293 554
332 54 354 484
603 260 340 303
224 481 100 272
187 123 594 606
247 120 615 170
163 408 488 522
12 449 151 179
209 152 240 62
166 224 613 450
573 499 367 253
550 415 284 386
289 608 62 346
238 143 197 560
602 9 615 553
511 186 177 213
550 87 362 446
396 402 173 277
483 497 54 250
222 295 374 381
350 24 350 201
446 386 19 202
533 174 275 150
156 204 592 461
93 192 313 70
173 146 596 540
585 55 409 354
486 262 197 472
286 604 216 516
142 303 153 259
550 109 410 423
304 257 594 415
541 127 290 592
93 149 252 449
192 593 102 492
593 516 492 370
362 170 22 187
349 91 43 168
70 37 600 220
440 412 34 453
517 589 514 143
477 518 565 433
596 54 121 427
140 372 488 29
249 594 255 163
451 145 150 231
322 468 246 615
611 446 565 134
285 33 74 259
365 358 615 40
512 71 354 220
205 531 208 5
598 169 159 390
22 313 613 484
440 299 234 121
261 190 293 78
281 528 481 344
562 440 189 120
88 211 36 90
128 329 575 246
489 404 421 424
84 148 213 390
387 202 238 139
370 99 90 145
344 16 120 133
302 534 582 444
165 63 162 330
61 64 240 4
333 383 571 113
27 447 253 534
316 174 498 171
556 288 575 493
291 435 443 509
430 495 235 239
193 47 538 20
431 550 183 531
231 549 148 553
599 540 567 23
278 314 414 485
203 144 224 552
259 209 416 514
40 504 291 191
69 423 138 173
301 98 83 412
430 346 347 356
388 615 92 363
124 463 408 9
418 55 491 589
9 411 116 417
247 577 248 181
224 526 38 187
47 179 543 126
78 399 7 107
506 380 45 402
200 1 523 149
56 83 232 489
486 344 168 210
328 431 14 556
533 318 549 493
179 53 316 224
261 91 555 26
563 124 547 278
186 25 249 431
602 383 191 607
414 439 40 95
156 302 461 300
325 132 88 526
193 294 562 579
183 467 275 383
506 224 269 318
234 409 355 570
163 13 419 388
24 237 571 570
243 107 414 307
351 484 593 90
257 194 98 194
461 127 18 341
592 43 272 580
409 259 174 145
545 482 247 598
95 141 257 530
433 286 564 204
469 168 60 17
111 451 574 403
104 122 252 607
1 501 382 212
482 441 571 458
351 381 544 63
132 231 227 65
396 537 620 86
539 367 285 134
359 164 345 87
293 201 24 115
465 246 320 607
44 612 453 572
295 49 480 580
42 509 6 500
394 351 378 291
31 422 30 258
523 133 108 173
158 611 123 516
398 116 559 121
14 396 27 7
505 414 435 38
498 370 176 377
388 440 148 344
595 225 77 473
135 244 271 31
580 362 52 419
113 579 498 530
49 400 325 439
278 23 12 609
562 68 379 553
441 559 263 611
555 141 217 613
80 231 299 558
509 521 40 221
354 49 49 276
10 421 406 592
172 381 327 99
66 187 373 488
116 73 4 171
474 137 132 592
495 162 463 598
411 420 573 531
553 422 468 368
313 517 81 266
433 111 5 579
111 504 451 211
367 612 173 515
581 579 254 13
613 435 159 178
370 136 199 291
279 487 605 467
120 362 224 424
253 602 294 574
558 252 610 186
527 178 219 26
214 385 371 233
106 253 314 513
486 266 64 371
90 382 553 105
551 426 620 437
200 566 264 122
595 342 406 22
464 372 126 482
414 498 385 243
429 367 390 266
86 279 274 324
141 58 80 503
83 231 340 94
198 490 271 428
397 213 171 477
496 0 477 319
388 403 374 397
374 553 10 105
273 308 121 213
522 493 325 445
40 113 359 474
272 610 134 11
521 214 562 599
233 304 393 379
108 489 569 493
148 117 311 241
474 368 31 471
549 473 157 356
410 141 558 305
69 501 70 316
293 149 108 14
263 562 203 423
537 303 312 64
442 445 165 543
461 258 591 240
108 139 264 231
588 598 363 200
212 562 611 99
520 68 215 26
407 92 101 392
244 588 573 140
569 67 619 448
492 618 206 596
34 153 594 152
535 522 120 124
323 418 141 578
312 227 13 263
556 476 380 343
296 26 547 127
172 585 339 138
551 230 78 397
13 390 272 465
160 12 486 383
182 470 96 112
288 232 173 599
373 61 421 496
156 311 96 54
509 143 419 481
537 619 547 613
379 163 395 124
555 127 124 568
429 50 587 496
460 480 203 316
70 574 437 202
211 370 91 452
127 78 62 108
205 357 555 619
204 605 142 438
595 267 419 463
35 54 62 116
96 60 277 364
616 248 166 562
0 354 499 31
182 33 545 136
512 219 151 466
561 240 416 197
467 572 93 432
208 58 123 537
600 523 209 439
237 161 328 49
511 170 254 295
349 34 294 0
144 580 347 410
518 520 455 218
377 264 619 161
374 400 397 160
197 459 139 537
514 268 330 149
501 566 280 297
406 495 594 302
226 581 188 204
575 208 37 50
527 464 546 515
59 288 477 496
34 471 591 469
502 356 561 2
93 75 144 350
401 119 324 112
238 611 236 341
383 293 268 421
109 17 487 425
45 50 154 437
559 237 134 33
434 479 484 275
526 419 137 27
47 445 397 323
422 482 188 607
514 315 467 582
263 504 536 214
324 356 51 457
132 448 20 236
201 611 258 312
328 376 429 550
194 236 476 167
239 130 48 543
337 23 429 341
331 196 536 408
83 142 495 415
25 519 405 16
38 604 237 43
609 490 443 560
538 252 72 273
540 15 539 146
285 64 118 466
129 282 272 377
405 568 37 159
95 230 477 529
566 526 2 34
340 234 181 292
82 111 184 265
203 381 353 208
463 535 532 323
157 485 148 423
466 229 296 334
513 277 186 77
373 102 285 490
363 397 461 34
363 15 514 531
441 430 439 41
155 583 258 119
607 214 358 302
283 496 502 7
261 477 192 225
312 307 91 568
512 447 509 336
174 545 189 145
380 65 293 362
353 375 236 512
220 605 121 556
254 410 416 583
304 572 107 346
513 453 185 464
448 487 504 149
49 28 273 0
134 250 257 323
233 595 367 432
561 363 355 368
159 574 409 186
510 531 453 588
378 264 202 286
162 387 554 520
454 108 519 120
65 183 377 150
536 579 538 421
441 443 420 152
611 281 415 116
619 543 159 309
353 315 409 88
228 158 388 257
612 416 43 590
420 390 396 594
310 33 416 283
170 1 203 131
160 615 435 447
531 140 383 371
28 217 32 453
476 433 268 191
210 57 281 188
615 552 136 478
53 450 26 46
584 353 404 479
374 520 511 225
570 504 349 38
415 100 481 478
385 95 432 454
27 512 581 98
288 344 616 408
72 315 491 35
345 185 369 88
91 244 377 391
302 292 329 238
349 515 480 150
573 389 31 601
205 146 458 272
144 374 132 221
502 183 278 13
480 477 264 14
416 601 131 338
226 335 288 348
587 282 102 48
127 238 452 187
165 85 501 100
492 134 150 22
506 154 522 193
351 324 150 458
355 421 376 454
27 179 427 419
252 336 571 482
244 333 157 298
554 470 424 528
471 237 480 395
162 515 152 2
442 258 88 39
182 361 494 371
476 407 493 218
165 307 216 388
503 320 502 585
263 290 142 281
414 467 18 154
314 12 570 99
138 428 523 548
518 236 28 597
493 601 233 502
108 97 453 579
199 512 188 493
281 65 451 551
388 149 198 520
219 128 138 36
74 74 251 64
431 512 259 169
50 461 123 245
475 17 178 602
107 226 179 382
498 202 451 183
126 71 614 226
369 330 221 269
279 428 497 69
158 571 531 523
371 297 114 33
562 202 213 619
35 320 127 89
295 455 561 135
140 287 373 341
56 445 364 444
53 87 525 217
580 242 61 360
99 531 322 452
76 93 72 243
52 337 9 172
252 430 385 264
149 574 465 242
237 368 156 258
74 80 168 337
112 569 418 311
3 522 309 181
423 343 358 571
592 614 231 70
408 541 242 352
518 384 415 434
317 218 147 272
446 371 458 312
525 537 587 45
132 394 397 320
590 240 599 370
617 61 270 195
40 26 500 464
466 465 49 429
325 292 600 607
66 465 251 399
212 465 323 487
474 110 135 374
175 143 370 191
207 313 152 262
551 86 50 523
280 362 398 330
359 553 451 528
148 446 100 535
89 541 422 515
394 319 459 354
535 188 526 423
195 273 582 14
430 416 160 308
27 467 5 375
591 105 461 146
414 590 47 298
311 144 397 287
365 284 231 493
69 264 610 333
355 535 446 409
19 326 570 615
25 428 36 409
412 81 89 97
551 153 507 187
360 68 49 235
179 577 442 515
126 60 454 210
580 403 20 141
217 500 74 543
198 532 420 50
198 172 157 214
258 479 479 432
595 301 173 214
478 410 447 483
283 120 445 537
288 99 323 422
142 369 228 185
218 434 139 207
100 369 431 233
77 483 181 397
322 254 337 262
423 71 606 112
379 23 558 248
196 464 444 75
282 563 211 318
430 616 546 613
373 552 12 222
513 583 137 495
326 115 580 404
403 83 290 134
88 541 218 434
566 317 325 173
172 476 19 277
433 388 374 301
115 496 187 563
447 256 65 306
304 487 283 338
273 30 400 270
356 192 82 267
486 214 355 499
222 490 571 552
228 354 199 458
526 104 548 265
219 488 535 106
286 391 431 589
420 261 77 242
