1600
537 435 496 326
284 42 601 123
456 197 17 253
406 97 284 182
57 606 256 617
153 613 371 496
480 578 357 618
409 166 216 213
184 48 228 603
611 171 191 459
543 284 445 539
573 387 311 307
488 143 37 115
53 365 204 546
222 363 475 608
9 357 169 53
191 91 595 539
147 235 138 339
326 4 520 460
218 407 359 355
213 22 35 63
181 49 441 606
618 122 282 598
77 311 550 309
94 609 603 57
75 407 439 89
312 178 227 538
566 363 26 537
516 365 207 418
582 194 499 371
464 494 571 448
342 266 472 261
432 395 511 96
457 494 182 478
296 31 165 374
407 20 224 109
14 550 42 449
201 66 202 201
216 451 287 202
501 66 346 577
62 53 46 537
514 592 254 180
122 605 610 470
561 550 585 288
140 372 517 596
543 18 341 206
479 250 228 479
559 500 359 399
224 469 27 117
172 93 529 585
244 279 56 28
516 63 72 343
49 366 22 590
481 350 386 182
541 416 161 260
41 232 187 231
64 497 560 461
454 407 297 16
544 354 376 326
136 514 378 494
338 14 76 85
124 100 291 414
482 494 351 504
138 258 364 569
473 419 307 300
63 620 445 408
36 20 298 584
245 378 431 394
377 518 569 128
475 105 140 329
513 376 253 96
261 301 293 533
456 286 368 484
50 313 149 72
405 273 305 298
416 565 542 44
526 404 242 434
346 160 303 35
598 29 497 424
580 83 378 243
314 150 518 388
127 100 387 271
56 39 338 615
511 524 389 301
505 361 105 413
361 520 202 60
252 356 594 265
335 190 399 329
203 544 241 303
152 529 77 305
22 506 155 166
182 619 174 522
382 199 613 492
202 136 484 118
268 286 385 526
303 330 287 458
247 140 245 346
330 536 307 586
399 372 181 401
67 38 277 60
347 592 108 259
205 481 352 396
118 242 409 509
331 530 144 449
28 469 237 99
26 199 494 210
279 278 60 82
218 366 341 26
488 240 305 104
25 356 97 410
503 337 19 415
538 405 206 365
356 315 442 439
227 73 132 235
202 340 215 242
97 220 274 14
615 488 493 175
471 619 116 562
0 340 269 129
144 218 401 401
561 540 489 391
15 141 400 167
171 517 104 439
35 539 580 414
79 379 580 132
439 582 43 256
592 420 252 217
570 277 366 490
424 495 173 168
14 113 176 309
163 556 325 325
43 312 487 485
394 581 51 556
372 339 275 449
107 581 619 613
341 324 197 169
202 74 474 310
468 474 18 252
119 496 404 182
429 333 29 218
467 524 105 217
52 159 21 564
28 46 548 62
332 321 216 364
23 230 139 112
14 424 342 392
592 326 568 337
185 183 257 16
330 125 603 308
76 304 35 598
98 502 435 469
554 425 303 567
191 575 181 462
554 450 232 265
540 558 292 211
211 282 224 257
534 114 479 149
506 507 480 432
597 559 327 374
87 19 519 360
24 432 91 565
185 137 387 50
1 28 237 484
266 140 605 464
251 211 536 60
315 150 334 165
51 503 174 619
169 553 510 129
584 434 10 234
612 589 11 111
535 17 433 140
241 101 94 547
4 534 152 136
21 333 275 388
216 34 613 87
25 223 81 214
341 208 523 175
368 605 546 212
446 159 91 283
74 181 85 570
335 267 64 89
257 455 161 292
345 297 485 153
31 619 391 340
105 308 496 215
263 171 553 460
204 148 394 403
148 562 154 254
404 288 159 473
289 416 388 159
366 89 6 414
451 10 109 572
109 158 292 616
83 105 48 139
64 33 58 511
349 302 612 359
248 115 47 562
587 494 453 221
157 110 384 59
593 30 41 559
609 364 251 359
592 566 0 210
194 523 201 612
409 608 274 325
114 154 481 456
259 461 296 7
76 423 419 184
299 433 607 90
530 172 393 363
540 206 515 553
247 303 461 620
168 581 141 375
301 272 385 313
570 333 483 424
522 177 166 234
96 390 576 265
52 331 162 509
491 282 475 533
413 324 429 618
82 161 58 188
42 42 456 115
520 430 383 464
337 479 295 577
512 411 473 47
304 69 196 39
521 353 544 1
107 327 315 36
584 5 173 610
42 536 589 285
131 387 134 528
165 70 44 455
348 452 398 126
140 346 619 511
425 577 64 62
157 161 155 206
70 285 133 570
619 383 340 112
413 21 427 27
32 172 3 83
408 418 606 270
99 407 270 507
584 457 303 75
606 91 305 140
590 75 481 163
181 258 255 501
529 222 294 475
261 37 377 290
54 20 357 216
242 507 562 14
399 34 252 148
364 100 184 176
32 120 602 40
1 371 378 598
451 350 527 243
583 333 557 170
396 117 374 142
534 211 78 230
196 31 428 443
588 197 36 397
421 41 506 368
239 397 389 105
506 82 403 586
419 601 619 173
90 49 590 507
507 581 306 613
141 170 472 10
132 183 615 508
459 182 418 368
383 365 613 59
339 122 364 53
509 239 92 612
167 66 588 396
191 246 140 190
343 385 438 199
445 108 51 194
488 110 492 278
122 288 267 421
119 479 404 283
394 605 572 552
589 193 152 565
312 408 175 105
555 163 204 527
445 577 125 324
310 585 15 237
342 6 330 293
575 5 579 493
489 405 522 601
613 212 523 124
514 388 174 276
356 169 271 301
3 310 605 450
314 403 179 36
366 320 110 305
45 530 61 587
107 173 347 69
49 510 162 519
61 425 499 371
126 457 184 255
165 345 145 69
258 309 303 610
162 262 320 384
522 82 407 51
420 388 463 468
244 315 181 39
365 458 586 361
539 177 406 342
544 302 561 349
383 543 610 488
387 389 163 299
223 115 160 237
561 85 296 407
620 121 179 358
484 398 64 515
396 185 338 71
420 481 248 136
500 436 304 507
511 304 464 499
446 95 310 119
611 88 427 127
212 193 264 516
10 477 135 456
282 218 593 438
267 74 262 561
437 298 72 483
162 324 42 335
182 418 144 280
199 267 344 563
110 139 357 369
350 22 485 556
514 367 49 91
486 174 465 156
551 543 557 420
475 286 342 85
361 155 534 342
616 520 419 471
290 336 321 36
597 77 523 163
350 465 200 318
340 196 288 179
325 101 18 434
378 44 451 168
363 610 137 573
614 96 217 0
2 353 156 210
177 236 366 111
47 242 377 100
79 276 22 528
444 524 262 415
490 67 242 127
307 169 273 344
333 17 115 92
615 306 1 3
269 257 71 341
206 117 275 451
437 386 479 325
394 569 31 591
282 243 319 417
593 564 300 55
498 39 139 521
550 13 211 219
127 358 349 247
405 502 97 86
379 344 6 260
301 196 522 586
4 78 154 191
391 466 296 77
457 474 446 555
71 375 324 235
528 466 314 360
533 460 95 197
329 101 512 208
366 491 268 217
511 382 466 524
135 426 512 455
108 436 469 507
161 49 579 157
208 263 419 103
454 498 150 33
38 15 471 260
341 545 616 372
51 408 407 277
107 107 387 149
257 247 409 126
448 183 329 250
382 33 580 97
442 191 532 478
202 184 29 96
94 214 87 89
359 205 249 94
402 5 319 407
607 516 611 464
407 11 560 170
314 164 619 411
607 301 565 166
618 423 446 334
27 565 259 294
391 131 27 1
468 106 408 134
283 89 195 131
360 211 374 436
362 264 388 139
297 616 338 30
12 515 88 312
448 374 68 311
240 234 221 488
71 321 506 194
440 292 603 76
535 70 60 198
490 431 542 109
177 230 437 593
28 47 56 81
388 315 52 88
313 565 350 308
558 370 324 571
9 184 158 618
481 234 258 487
212 460 429 110
284 127 356 368
502 591 440 487
201 381 477 222
2 398 36 262
330 307 548 162
568 483 280 149
120 464 55 419
575 239 473 182
108 374 332 585
89 362 156 294
268 199 202 64
150 252 154 199
360 596 35 562
188 392 275 568
417 154 8 80
555 80 326 56
481 483 128 286
320 145 530 314
318 618 366 133
132 248 475 583
480 146 423 467
316 140 54 55
558 312 377 220
197 603 494 54
519 508 274 70
324 373 403 500
446 58 171 603
199 40 67 229
137 488 63 452
35 596 492 479
540 611 381 366
505 228 132 581
556 68 208 477
359 523 223 197
193 223 527 485
190 469 516 383
544 585 449 34
139 483 422 74
65 198 407 140
298 336 239 454
29 65 373 134
443 381 537 114
502 483 495 75
611 309 510 315
109 609 373 188
426 426 40 484
559 245 508 34
547 605 173 511
3 497 618 347
306 208 331 17
238 142 274 289
297 91 506 215
114 129 251 239
178 477 183 593
82 417 18 276
167 144 514 531
67 170 422 353
154 242 208 138
38 183 229 21
241 273 100 466
406 503 464 598
234 79 323 314
410 332 506 138
541 520 611 270
318 238 147 416
239 358 465 92
39 108 515 476
536 167 213 561
160 558 247 9
300 425 19 529
519 54 531 199
290 598 471 616
164 529 349 257
356 219 606 324
54 351 210 318
487 470 194 156
525 19 555 524
105 438 178 488
221 478 589 401
96 31 469 472
311 361 263 203
400 124 138 451
210 156 278 439
296 533 153 614
308 497 241 426
20 596 494 203
83 467 298 594
91 423 351 565
607 6 531 445
206 17 4 439
330 481 583 385
331 410 564 324
328 30 545 315
412 153 277 134
604 611 143 405
293 322 131 309
306 610 30 530
124 360 616 431
320 328 164 298
314 588 344 463
554 302 389 98
598 67 539 163
214 386 534 220
276 78 532 328
234 529 387 215
72 450 382 86
265 500 57 211
38 225 613 553
617 87 95 238
156 591 273 218
279 465 244 361
243 535 127 251
48 52 283 315
436 325 273 96
123 272 410 356
347 408 430 101
72 126 593 609
472 472 19 346
344 215 536 226
51 218 250 173
455 228 197 561
310 65 204 560
387 156 57 35
585 169 564 602
435 481 497 459
74 275 151 7
347 600 189 177
432 30 186 363
560 76 505 227
600 90 416 125
619 502 270 146
188 408 150 402
425 12 349 40
579 80 551 571
187 115 345 453
349 73 426 273
298 5 457 489
137 307 378 138
184 42 591 348
340 424 306 515
142 104 25 336
148 69 20 431
417 425 238 192
561 507 395 188
305 107 21 513
448 338 405 428
329 263 288 298
165 307 129 36
141 470 179 571
251 10 62 182
523 246 565 401
95 297 453 245
145 333 470 417
358 290 152 288
175 19 149 413
604 546 488 446
446 402 316 138
87 57 524 228
526 27 395 137
293 110 354 351
617 17 295 323
239 206 570 332
429 37 239 593
591 399 593 145
517 464 326 366
289 557 114 465
482 594 601 609
215 240 92 547
175 527 497 300
211 410 590 88
56 546 183 193
351 17 95 105
328 405 360 137
372 390 21 583
521 378 531 483
497 465 313 203
593 526 42 81
7 336 581 95
198 182 388 232
56 278 496 287
485 36 550 275
383 127 357 597
7 351 471 465
63 352 59 11
148 78 194 199
424 182 240 530
285 234 501 182
92 438 163 33
144 197 87 546
82 121 249 466
515 333 228 495
329 329 253 423
417 172 308 149
522 612 40 374
133 456 553 322
564 90 34 417
66 49 461 316
323 423 245 615
562 127 164 270
158 310 252 515
110 239 603 478
356 560 566 175
220 368 355 287
548 550 68 106
394 53 129 253
598 510 561 53
102 170 515 612
7 595 30 281
432 474 65 392
44 90 215 127
354 617 411 165
216 610 324 14
539 115 277 548
511 432 196 255
345 103 26 144
587 351 70 450
6 471 518 492
496 504 88 229
277 363 596 423
205 385 248 493
470 482 518 509
464 345 152 217
390 412 12 245
67 304 303 562
73 29 376 161
68 92 518 265
390 122 95 110
100 165 468 511
446 449 413 378
271 389 560 385
485 310 434 226
176 271 28 290
444 246 146 117
418 517 175 194
554 469 326 156
157 360 395 91
592 481 196 236
38 252 153 408
376 342 269 584
89 239 43 97
93 403 142 352
577 186 57 53
42 492 56 571
619 458 184 441
8 13 132 511
255 20 127 540
439 396 375 265
450 21 526 120
144 251 471 120
66 457 471 297
305 403 117 294
211 226 227 477
94 47 24 193
291 82 341 102
84 493 273 328
296 89 68 308
302 143 5 543
355 138 307 590
389 281 486 363
490 588 342 173
16 249 551 265
485 110 250 460
5 372 219 35
612 284 522 124
534 217 616 217
138 526 147 339
165 180 34 458
164 71 29 208
19 533 169 530
287 205 607 530
237 72 329 411
48 446 45 559
574 402 522 14
12 393 442 22
546 278 318 459
517 589 8 0
153 487 577 280
320 364 600 366
479 61 23 161
19 327 43 11
58 146 342 378
371 131 41 233
563 310 542 372
13 413 244 271
395 564 320 555
509 484 70 386
224 61 451 419
95 79 528 204
428 211 449 94
369 294 601 17
564 342 558 439
577 597 153 303
220 323 46 188
561 129 357 70
584 186 357 30
353 479 277 369
78 58 271 79
229 451 7 407
445 503 239 428
151 526 53 1
17 269 124 603
215 40 39 128
567 192 226 366
535 42 84 503
195 282 588 35
49 213 492 565
294 303 227 585
191 447 126 461
475 289 84 336
506 428 91 535
599 233 23 496
188 541 429 360
462 46 122 513
276 232 270 46
226 565 276 4
350 270 460 116
441 584 40 129
276 476 148 415
54 186 410 253
17 101 517 375
42 32 33 289
431 279 56 7
108 219 454 375
27 329 606 348
445 209 85 501
89 613 162 12
66 59 361 65
493 168 30 249
408 240 203 198
589 98 188 155
374 150 115 168
36 611 380 293
489 64 309 576
588 258 368 564
398 76 22 394
532 271 539 260
288 275 493 70
345 345 96 321
182 564 169 203
29 337 27 266
275 593 406 602
344 288 397 588
316 109 397 529
447 313 483 150
68 306 574 75
406 145 541 97
92 369 532 367
545 546 138 430
109 219 132 492
284 518 584 401
302 328 463 486
249 207 557 5
506 577 564 302
537 533 382 234
502 511 252 243
437 495 45 419
595 502 409 36
290 406 567 221
376 376 367 387
3 208 265 331
37 479 343 396
466 229 80 466
0 496 606 253
588 313 167 517
437 225 492 315
506 98 241 607
311 428 463 20
37 369 523 274
291 128 86 194
277 94 381 160
483 9 447 408
473 208 394 140
500 473 138 128
252 515 527 53
401 118 336 482
350 488 191 329
306 527 586 162
282 261 554 499
320 403 452 252
44 184 80 162
24 205 138 594
170 424 119 313
430 574 336 92
357 315 126 460
298 292 180 358
518 98 583 33
257 141 412 390
486 306 441 58
227 119 386 206
232 82 343 261
3 464 330 34
401 353 568 420
486 538 43 510
516 324 453 429
442 139 459 463
318 564 175 445
311 208 140 461
407 462 432 236
355 164 81 467
335 284 296 553
133 620 549 539
469 22 523 488
85 398 71 370
17 519 493 604
299 369 224 415
517 600 375 545
106 251 555 78
458 116 575 356
172 319 429 245
547 8 140 110
573 41 162 91
595 169 486 565
397 256 582 227
90 31 389 440
317 78 338 435
350 424 203 409
79 28 354 535
217 145 72 251
40 613 447 310
237 284 241 272
17 156 89 608
348 307 598 312
496 518 546 275
190 420 29 132
46 32 328 446
161 230 451 386
212 602 523 302
268 221 191 22
474 496 143 473
443 48 587 472
108 31 121 260
347 237 189 552
418 108 454 235
487 483 481 561
511 465 562 91
398 18 183 519
69 533 422 255
302 371 527 401
133 96 313 388
45 15 551 298
336 515 559 86
165 534 109 249
580 105 44 410
432 372 54 459
430 402 160 179
155 606 452 51
380 160 326 7
267 42 239 203
286 135 541 208
457 446 70 385
385 0 616 615
473 550 269 344
13 318 382 346
546 470 542 600
217 91 103 289
547 465 322 350
87 537 472 555
496 594 538 105
606 376 406 439
579 31 501 494
498 56 135 484
246 55 14 213
479 236 564 268
408 5 173 40
514 503 484 447
311 395 228 462
430 340 44 410
595 117 227 253
523 131 533 112
613 312 249 440
606 334 607 168
442 61 532 481
604 370 370 458
592 392 77 456
189 216 210 612
184 180 18 552
593 109 457 475
54 336 60 98
586 309 407 133
574 349 293 433
444 11 367 209
457 66 65 268
509 154 364 580
404 407 425 132
378 158 82 547
568 15 57 260
101 303 220 299
470 266 246 192
47 542 50 302
406 182 179 416
355 452 234 359
55 535 518 169
38 566 0 206
121 508 511 441
551 520 527 548
515 514 114 184
111 62 570 49
241 556 174 62
35 582 145 41
209 263 325 85
257 12 323 257
290 399 228 338
572 296 73 423
275 571 339 464
280 159 78 452
400 573 564 202
89 45 353 493
600 384 124 155
222 76 441 391
396 484 590 406
183 95 11 489
81 186 449 309
459 220 178 176
343 335 410 558
73 16 294 212
165 331 232 620
92 146 116 366
577 298 428 391
465 417 522 615
552 171 266 402
208 115 407 93
19 360 262 243
165 347 526 596
189 301 107 167
469 133 479 23
526 52 14 187
16 416 224 158
108 493 223 150
166 419 199 506
329 181 568 42
101 204 488 555
337 554 364 32
218 222 431 329
454 140 558 589
439 330 344 63
541 35 344 130
459 152 554 69
527 434 556 511
561 271 306 99
209 253 52 617
523 465 460 369
432 121 398 501
362 221 163 613
261 338 459 334
206 584 557 491
505 244 565 94
527 115 417 68
408 401 151 61
64 587 61 138
104 319 218 128
551 88 176 568
33 146 217 327
445 617 345 364
182 181 548 489
416 139 162 176
386 66 304 236
158 464 18 438
241 551 617 33
202 47 490 378
117 566 505 401
113 338 170 49
230 108 286 45
514 131 469 619
313 307 267 205
324 228 82 597
588 495 504 35
446 167 548 393
498 358 71 273
277 457 308 35
133 415 282 253
122 283 69 157
452 200 234 549
533 36 273 175
2 424 536 608
328 5 379 289
383 242 22 86
98 449 28 117
203 111 267 422
592 537 408 477
37 367 15 435
2 562 424 110
370 581 116 98
58 220 343 614
440 439 441 561
547 257 137 243
119 440 312 334
221 280 322 360
183 425 347 91
605 456 554 617
172 46 533 568
538 271 78 311
573 604 475 394
170 593 483 233
79 422 95 597
9 569 510 8
183 364 268 344
192 607 260 277
411 64 148 497
391 532 401 85
11 485 140 556
581 239 552 271
609 487 153 148
428 58 464 86
538 91 392 604
184 221 370 407
561 111 585 81
317 140 259 310
548 323 506 502
296 547 502 369
175 396 324 468
613 20 97 495
142 67 239 593
560 584 162 212
532 182 301 41
150 64 114 592
522 499 430 195
472 443 452 222
380 133 104 346
119 62 575 601
184 264 64 12
67 264 446 174
197 31 460 118
194 164 173 599
178 309 254 374
222 133 435 387
455 189 16 243
503 559 119 460
606 371 493 100
138 258 353 173
590 50 255 484
292 93 157 606
261 46 320 275
301 24 414 224
169 141 89 440
615 178 266 449
341 268 25 179
559 533 188 468
490 147 546 221
407 588 390 90
539 57 330 358
234 372 230 17
357 243 571 102
46 267 177 60
281 444 265 76
243 234 454 370
199 454 148 554
553 524 490 120
443 604 387 472
468 176 128 288
422 343 149 110
254 589 314 10
510 474 279 168
364 108 315 447
286 37 482 348
221 194 9 209
500 406 4 464
293 384 365 85
219 184 390 9
411 399 109 471
83 528 512 340
338 457 64 0
187 62 519 172
95 7 28 271
501 581 552 411
387 289 63 437
558 474 476 326
185 289 439 588
442 509 585 354
497 320 323 116
77 547 216 177
259 437 129 234
388 454 576 428
586 460 75 399
120 152 561 16
2 471 206 200
144 513 129 288
472 123 285 145
366 156 299 216
277 228 242 219
309 346 286 613
385 197 153 408
35 263 172 500
368 491 20 503
26 127 112 600
157 300 29 125
258 243 242 402
424 188 390 265
549 169 145 73
576 479 61 484
275 581 17 286
598 182 235 247
371 432 393 303
95 155 19 492
231 291 17 608
57 509 504 317
583 92 10 364
72 75 267 456
481 314 450 558
323 320 307 117
383 135 499 102
407 257 0 57
614 434 167 365
267 345 72 299
454 329 521 405
395 347 263 534
163 510 382 148
254 521 445 610
122 265 75 146
86 587 523 517
337 431 67 492
545 197 283 204
619 593 529 21
218 172 227 25
115 144 114 615
607 327 480 205
143 352 82 354
151 394 401 431
602 492 180 453
66 587 121 194
284 310 77 221
218 591 503 465
279 165 434 368
221 62 408 19
322 249 404 13
341 429 2 483
543 365 262 614
93 147 490 231
21 70 217 52
154 203 175 102
282 397 226 258
431 605 42 554
506 568 340 140
35 243 526 350
615 386 420 65
611 473 355 34
144 153 468 510
522 571 351 199
609 144 384 536
42 559 28 190
256 365 48 520
499 48 308 50
94 186 197 505
584 502 387 398
126 482 271 279
508 406 174 66
198 606 580 277
45 348 422 564
445 525 122 335
114 509 128 134
166 19 320 421
334 21 275 97
255 334 182 236
442 420 276 535
248 349 546 570
202 617 17 248
280 155 199 563
561 99 502 338
546 330 158 581
232 11 609 437
487 468 105 262
464 444 127 1
410 350 505 63
62 234 444 301
180 440 469 428
617 103 598 329
139 44 437 56
468 424 374 230
530 375 232 72
257 382 452 7
129 457 521 531
251 596 307 486
423 157 300 69
156 392 240 383
208 126 53 287
154 103 13 92
179 143 119 296
100 396 217 402
505 36 338 219
583 52 266 485
13 482 391 54
209 53 330 219
71 190 490 422
545 129 616 585
536 98 560 131
58 481 168 138
306 213 9 430
590 126 259 554
339 185 576 468
161 460 190 504
441 479 618 498
194 382 480 486
166 127 379 387
11 307 611 284
177 508 348 604
394 570 397 237
619 303 354 259
139 20 329 122
265 490 72 98
427 296 336 454
494 423 0 1
79 349 606 280
391 96 165 196
26 553 563 476
462 363 297 81
534 402 179 32
228 405 132 392
210 24 361 522
352 406 108 253
535 37 617 311
592 304 110 202
591 325 372 236
445 610 392 65
61 116 399 300
142 66 74 58
38 482 526 258
177 46 148 530
46 265 259 14
100 613 20 261
276 530 10 222
18 179 211 226
483 346 166 191
547 581 559 557
4 245 564 410
194 83 50 454
189 520 512 619
510 11 298 179
494 325 506 239
532 411 319 355
549 14 217 542
290 459 140 150
544 177 9 130
75 49 582 598
135 421 395 593
285 138 537 336
442 615 549 7
620 459 0 424
73 332 498 481
455 595 80 415
484 239 362 523
364 116 287 79
241 614 362 15
544 89 306 427
581 217 555 229
459 330 471 21
173 174 206 149
121 366 442 503
487 316 220 477
39 455 319 451
469 12 249 275
13 104 125 39
67 467 384 529
146 218 448 416
53 327 305 258
106 78 294 160
507 415 374 280
218 7 223 433
219 178 139 346
315 160 74 230
556 429 159 494
548 183 158 456
155 528 211 89
27 207 38 496
356 100 370 116
246 264 617 517
225 519 206 380
432 13 525 415
117 451 614 100
235 31 45 335
67 421 374 144
258 221 151 597
297 444 29 45
272 254 407 294
136 494 19 53
368 230 164 188
255 81 241 352
392 286 596 291
65 592 209 601
233 189 379 181
146 188 36 121
438 266 355 255
482 580 182 253
264 325 152 565
498 232 560 110
170 567 61 411
425 193 498 341
349 525 423 418
553 435 551 602
561 399 512 16
496 519 400 599
269 316 210 243
138 455 256 392
589 31 400 116
356 171 504 22
294 0 492 340
310 144 466 172
54 586 53 93
363 380 319 205
259 501 121 350
157 262 456 611
93 57 446 233
363 457 179 356
363 198 514 598
392 194 9 154
81 10 167 290
116 304 121 491
583 400 479 47
372 477 235 235
222 519 288 248
240 451 567 25
528 218 434 433
38 488 281 34
501 58 160 366
29 284 157 503
199 124 161 381
112 2 35 315
318 612 505 194
357 41 222 505
354 257 209 537
414 121 298 175
383 263 71 409
3 86 528 67
472 593 334 614
554 591 578 24
443 513 275 34
9 188 142 430
79 77 610 363
601 361 294 49
550 597 104 596
108 421 179 25
277 200 386 534
43 411 125 513
55 616 586 241
478 129 603 118
76 475 417 442
221 225 115 144
435 600 422 602
137 222 601 270
194 615 469 257
497 564 423 307
297 500 439 61
389 406 501 180
411 31 295 367
35 361 358 130
436 493 304 455
485 281 516 609
200 427 36 388
123 107 570 410
363 295 581 185
61 207 406 419
129 316 45 159
337 361 462 247
319 101 183 510
510 590 200 225
606 541 233 354
420 619 504 581
576 505 351 296
552 18 200 464
588 500 422 27
94 133 43 249
92 285 74 510
244 599 418 347
588 620 438 613
495 319 128 505
601 451 582 62
7 557 407 186
333 255 527 442
395 456 388 535
342 325 609 348
433 75 121 485
277 541 149 569
20 522 432 526
127 331 25 283
338 208 75 247
300 531 234 387
374 157 533 42
151 344 550 517
475 39 383 300
322 332 238 439
208 314 458 271
375 536 112 10
109 483 582 382
395 262 33 195
466 133 307 130
126 484 240 13
108 278 74 618
358 198 126 218
212 257 197 27
19 71 99 567
418 380 110 472
187 64 198 438
65 120 231 369
457 357 427 91
89 40 610 314
549 125 263 51
459 470 519 537
163 11 352 356
245 229 41 549
273 471 52 193
391 564 600 36
318 79 181 241
46 468 90 211
13 230 297 403
164 253 284 482
115 582 324 65
166 160 140 525
176 583 480 125
354 232 210 601
203 8 396 214
233 458 578 491
468 264 320 522
184 437 539 275
251 519 160 394
352 418 535 217
388 196 577 596
312 41 607 567
183 405 590 230
160 523 538 17
187 423 1 415
480 302 317 112
73 211 86 190
201 258 202 138
517 157 619 508
144 44 405 309
375 112 516 346
138 432 406 2
121 73 561 275
25 196 239 548
536 345 548 15
125 616 130 186
28 512 295 110
435 614 75 418
569 334 163 403
458 68 37 164
329 161 578 433
558 206 394 527
245 361 393 344
242 160 401 403
251 370 198 14
465 154 579 303
202 478 168 294
225 231 189 86
14 46 600 107
185 205 550 358
548 595 310 297
228 68 617 219
581 589 335 23
83 307 112 568
192 216 423 419
375 259 493 216
420 559 120 473
405 44 320 492
408 413 501 301
476 525 155 574
442 387 490 582
531 272 73 167
193 483 267 523
282 225 107 119
525 582 126 73
324 60 107 35
112 260 388 179
110 314 412 619
332 309 461 528
552 596 581 314
485 33 215 413
566 20 368 587
135 81 216 199
397 16 280 116
130 572 442 86
611 260 441 94
594 366 359 562
404 36 185 277
334 238 189 349
23 9 15 171
80 588 334 312
24 304 212 19
391 120 418 173
5 171 391 537
122 254 148 185
377 426 184 242
602 451 218 312
362 165 216 232
420 172 430 392
257 66 346 248
539 526 340 109
562 578 33 351
466 321 391 339
424 507 480 501
284 524 556 75
327 211 552 479
214 252 558 194
511 442 242 421
376 237 96 1
614 337 137 120
415 547 607 409
402 31 85 236
354 44 71 263
136 291 544 258
96 114 550 309
363 222 527 383
551 454 24 617
597 60 181 0
100 618 244 595
597 14 494 10
114 232 106 221
589 79 601 173
248 598 564 515
274 423 495 11
309 508 70 618
177 468 454 524
327 96 311 282
510 173 101 51
17 332 513 445
216 525 92 247
579 177 205 415
204 486 305 272
199 344 19 315
188 603 11 198
597 215 361 484
316 362 103 362
68 414 55 496
418 92 545 342
598 352 272 486
427 428 312 321
165 323 181 554
130 75 285 463
306 586 377 353
391 98 179 430
413 170 340 459
5 261 286 213
72 374 185 123
494 512 6 481
128 508 184 187
348 141 279 522
619 534 258 316
544 524 374 143
508 258 574 218
389 152 203 269
372 435 58 542
91 362 208 411
142 495 286 119
241 531 382 525
488 281 91 377
158 41 204 41
270 75 109 139
458 584 326 508
126 527 444 597
160 253 419 52
169 512 99 264
260 83 597 504
389 361 380 268
99 73 187 66
375 11 153 129
547 473 546 399
526 194 141 283
41 565 453 38
286 413 42 370
224 351 223 290
331 191 535 157
590 524 542 278
590 195 119 125
93 66 154 445
488 26 116 548
569 558 457 94
35 617 601 170
185 207 461 117
53 344 193 375
346 41 133 290
203 219 555 420
270 561 507 404
463 89 122 546
354 255 300 131
202 158 239 565
357 434 230 521
289 591 310 10
450 558 289 224
305 344 213 216
70 35 201 244
174 232 482 183
440 159 551 561
167 408 165 293
598 106 244 342
211 55 169 535
524 488 126 345
