1600
476 535 80 178
382 296 460 517
282 594 131 284
592 591 74 289
531 575 57 376
55 495 547 371
85 157 501 444
145 306 54 368
488 278 278 230
374 394 24 54
361 404 597 253
325 268 43 337
595 540 119 576
529 376 38 33
175 563 210 604
275 260 10 108
361 451 224 447
51 128 370 452
181 38 238 514
143 317 377 58
295 127 496 369
403 298 554 282
125 222 409 251
594 523 329 413
70 269 248 28
277 441 213 165
142 18 130 32
48 260 463 198
142 440 20 297
103 390 79 155
432 591 37 283
193 251 170 334
444 213 156 259
326 151 542 33
561 191 174 20
251 251 101 425
159 512 327 146
258 74 60 377
338 549 520 613
222 373 491 184
220 165 477 55
575 548 248 584
99 369 550 509
203 533 375 286
65 174 359 177
136 110 458 408
155 382 126 378
126 427 212 189
579 25 228 508
479 366 367 1
186 286 433 476
537 594 487 432
491 415 0 437
467 580 237 228
90 272 82 576
192 495 115 527
420 301 16 615
566 297 95 73
589 32 252 351
578 429 523 308
149 86 293 434
62 377 207 300
224 343 540 100
186 254 100 477
377 327 523 219
513 201 481 332
457 370 379 225
231 217 255 7
382 195 539 391
283 581 57 211
464 193 119 9
282 138 55 376
256 164 404 202
268 316 384 88
599 603 136 493
299 314 353 31
157 183 564 609
54 133 60 477
504 529 608 208
499 129 442 56
0 82 160 119
11 454 111 230
56 447 285 271
423 93 95 246
43 575 476 77
597 335 420 94
511 76 32 86
334 521 571 520
187 254 234 409
251 535 595 544
212 333 307 200
306 446 591 373
576 242 418 203
468 162 478 154
506 577 96 180
85 426 153 419
272 400 199 120
66 91 121 231
198 563 238 557
575 440 185 511
39 61 575 244
163 433 172 525
146 523 329 212
445 129 164 309
576 66 469 436
326 302 601 392
447 187 14 76
423 164 444 217
106 395 380 158
480 297 613 85
130 258 552 304
235 57 157 26
253 257 517 530
589 201 197 163
273 472 419 609
299 558 339 26
86 158 99 203
138 5 478 363
310 98 461 421
592 79 282 312
582 447 327 444
612 295 110 451
268 594 17 593
420 128 392 492
450 139 581 617
486 507 533 613
424 200 68 101
439 500 562 424
375 452 497 256
596 289 119 414
81 416 355 336
309 293 589 149
273 250 505 510
98 436 9 273
143 265 150 375
501 128 331 275
289 174 212 224
15 226 534 343
545 420 537 524
492 567 320 233
368 336 470 404
203 608 553 146
331 96 530 186
157 15 272 68
350 35 605 37
24 584 40 16
351 451 106 84
534 411 400 163
249 80 356 486
51 18 325 561
181 362 187 354
283 126 405 570
591 14 507 483
466 234 617 110
572 382 162 508
450 123 284 391
458 387 516 171
517 386 275 96
71 78 130 482
508 179 369 179
516 419 366 167
578 95 501 295
454 366 209 268
219 96 65 487
259 332 415 614
282 73 186 319
501 580 514 239
593 338 515 151
331 389 153 434
536 334 334 189
308 328 548 29
532 242 277 395
162 26 347 533
246 70 319 290
122 54 118 94
471 17 402 279
523 462 218 495
540 591 247 181
591 365 439 9
412 331 244 439
305 86 602 101
113 342 593 198
210 287 609 166
363 42 407 588
559 578 527 143
514 374 142 603
394 546 540 174
312 16 344 505
356 187 141 303
152 318 177 101
35 377 605 307
356 79 612 215
483 580 303 558
201 545 250 312
165 252 412 207
615 497 605 596
563 58 258 125
549 603 218 477
361 249 57 102
525 195 431 530
288 591 475 492
90 294 234 149
593 16 597 256
410 323 474 401
172 564 204 583
444 473 411 58
306 46 67 137
219 480 293 402
263 155 497 41
558 511 188 563
600 171 458 200
380 18 463 582
210 132 439 71
105 97 4 85
583 208 444 542
224 555 427 109
188 423 494 575
40 213 431 117
436 374 317 311
114 414 265 50
533 557 509 208
144 435 157 414
606 304 25 6
607 74 456 443
568 416 224 406
509 480 281 243
437 244 98 513
403 582 595 605
447 265 447 404
215 185 482 497
186 204 2 551
510 117 107 382
160 591 615 275
160 605 148 422
426 132 183 59
608 472 439 330
403 344 384 371
619 209 18 376
524 310 257 528
158 403 435 36
573 489 45 332
10 151 100 134
31 22 204 433
600 74 74 533
163 451 127 45
259 183 237 96
193 523 329 270
556 546 267 415
497 183 399 507
64 135 200 450
433 198 297 58
19 437 321 239
616 524 375 268
325 320 133 180
481 332 92 247
594 141 367 31
611 454 147 53
552 443 107 79
540 172 489 437
607 493 90 428
545 341 465 310
292 178 281 60
507 359 341 131
550 88 326 285
124 380 332 99
548 588 614 496
490 406 196 9
234 169 397 411
27 526 539 2
264 581 320 496
514 139 586 518
443 503 300 277
100 570 319 612
219 597 159 421
148 105 149 529
99 160 387 311
143 21 608 193
309 169 259 559
54 125 428 278
610 57 445 606
463 550 58 339
494 102 1 348
246 613 533 1
353 177 439 571
341 295 528 57
513 357 28 197
263 380 63 554
80 112 32 567
171 537 393 163
372 610 269 434
266 219 326 478
437 497 351 463
237 360 488 615
523 511 247 81
283 437 45 511
218 311 90 595
237 323 422 512
279 371 310 212
120 433 336 602
183 200 356 452
299 138 29 109
352 266 380 39
182 611 203 539
490 68 158 460
39 128 376 429
177 410 66 190
326 234 383 108
190 184 278 321
567 166 43 428
563 464 269 522
360 132 553 494
578 257 211 52
357 52 500 16
25 557 155 579
447 419 214 192
474 229 137 238
391 272 362 154
283 307 98 200
407 91 127 567
537 189 132 260
612 247 602 492
284 504 583 108
220 587 522 123
532 411 78 519
322 383 466 160
259 225 77 551
173 85 318 186
509 375 117 339
327 271 288 562
500 53 58 483
437 507 544 556
237 351 48 65
231 546 509 288
515 454 280 454
1 27 371 497
373 113 453 304
111 592 246 294
426 412 207 290
88 236 186 152
110 220 229 329
44 435 312 368
105 88 380 270
386 519 314 464
136 512 67 229
0 297 249 149
533 221 213 340
104 205 197 238
98 4 583 559
531 595 212 223
477 126 220 271
518 436 162 453
34 546 573 17
368 216 290 554
333 339 129 546
523 201 265 109
396 228 515 178
462 260 113 423
463 151 2 543
211 363 463 556
14 114 103 501
515 370 164 600
293 380 28 566
444 181 480 5
386 592 183 561
320 437 331 450
618 171 136 230
414 207 495 425
226 204 25 467
313 569 34 136
400 561 358 559
30 336 359 12
413 248 202 90
373 164 475 228
541 94 513 569
153 282 471 26
205 480 615 527
289 238 600 41
501 291 117 265
201 22 202 589
568 567 446 267
33 175 554 544
542 408 212 366
68 532 387 296
374 471 434 78
155 334 293 132
366 581 389 443
12 405 222 67
52 399 340 22
324 62 380 432
355 359 489 360
550 321 587 155
446 211 16 578
140 193 191 295
262 560 256 192
335 137 52 516
513 421 285 416
369 54 193 350
357 539 283 393
191 601 538 155
189 266 497 464
157 450 371 574
250 420 192 462
293 160 449 485
571 418 327 264
366 511 188 270
585 143 171 15
364 571 393 415
354 488 395 477
385 395 404 291
242 197 434 436
423 79 318 239
141 364 590 93
585 463 397 141
440 433 513 98
139 313 43 148
589 509 517 85
434 586 380 339
192 282 29 283
300 351 471 447
116 232 389 349
582 508 375 73
249 124 549 217
178 466 272 211
194 574 313 490
179 356 403 1
273 301 25 608
612 415 516 299
334 264 618 38
40 471 545 597
600 239 211 413
420 440 386 422
403 230 521 593
177 511 351 495
440 272 394 191
150 607 347 254
209 63 177 306
340 390 77 109
466 351 141 562
25 470 195 583
152 536 291 501
100 298 510 525
560 67 20 95
531 190 28 301
562 227 508 195
386 582 255 410
224 185 261 188
403 615 123 175
418 5 177 197
54 252 216 365
103 274 550 262
385 223 565 454
375 135 3 154
112 95 115 602
27 415 29 333
494 356 339 61
218 589 44 613
535 301 457 424
421 454 284 295
398 403 250 193
309 33 247 262
247 504 297 305
325 295 225 92
219 0 468 135
532 418 89 476
580 436 351 501
108 376 52 203
274 64 337 221
267 520 327 201
126 322 350 49
386 254 476 475
146 157 578 444
539 29 3 214
300 577 539 581
127 450 134 338
139 570 115 518
456 601 45 604
246 405 38 39
530 321 457 198
552 272 143 286
583 614 516 502
374 565 115 553
342 452 309 555
543 409 101 587
271 445 32 556
24 456 476 246
396 167 166 295
324 321 86 66
517 371 534 489
549 67 322 498
17 423 48 221
519 88 125 498
472 302 197 324
424 185 488 436
361 215 397 51
63 133 569 360
163 442 614 442
459 583 393 165
588 94 586 541
457 530 332 402
268 549 429 29
350 471 35 390
260 522 610 438
285 340 501 429
498 541 489 351
66 121 498 586
111 495 494 601
205 73 64 309
147 473 37 339
601 409 358 125
225 404 473 561
209 487 64 188
27 493 535 113
511 319 383 191
54 328 462 453
23 616 394 56
235 181 310 599
415 388 311 455
90 212 267 18
0 57 40 601
55 497 172 99
565 587 350 485
34 356 188 420
282 40 254 78
286 269 405 54
591 76 425 615
161 87 405 280
251 296 600 193
577 165 11 591
4 451 177 113
367 522 456 22
408 166 479 136
337 529 331 210
129 558 153 587
438 448 7 102
293 377 46 106
270 600 80 219
297 169 598 566
324 199 149 603
418 104 8 65
50 56 364 354
118 18 564 232
376 522 142 453
252 612 474 572
554 401 349 545
519 451 342 77
109 468 235 305
484 290 41 539
503 283 389 484
296 314 537 477
588 436 458 437
73 332 315 272
416 548 167 312
135 418 552 549
306 42 108 295
179 187 467 74
216 304 40 336
152 24 432 549
4 595 324 561
477 100 440 588
322 358 452 165
355 398 467 307
419 194 51 535
561 257 526 488
62 445 425 507
582 127 489 127
261 158 609 280
311 138 101 529
330 27 226 212
527 91 221 288
247 465 590 166
251 84 325 88
64 47 7 97
195 363 539 579
434 570 426 610
60 145 166 77
286 616 306 542
444 112 147 398
344 242 67 38
83 296 266 229
338 219 395 223
443 126 547 34
487 103 404 73
582 383 157 521
115 435 474 519
525 394 483 203
204 319 89 196
146 492 462 348
58 214 55 88
90 166 582 20
432 275 599 15
213 209 193 484
141 284 233 524
445 29 24 141
432 380 425 544
149 458 226 588
521 341 302 18
586 559 489 486
157 295 364 568
134 342 533 500
30 501 30 178
64 133 515 422
361 249 66 130
172 382 572 475
388 579 47 52
305 53 361 514
284 245 120 58
182 334 102 501
590 344 370 184
604 393 335 282
566 599 426 414
465 508 526 33
76 26 240 137
544 281 515 315
210 603 520 125
474 60 345 243
411 392 566 187
98 375 209 472
601 434 600 265
47 349 330 495
339 531 374 63
233 555 433 165
17 282 520 439
138 112 338 232
314 211 605 242
244 151 379 215
131 224 266 180
619 26 292 39
336 155 166 577
393 553 143 53
568 573 247 109
482 246 472 63
313 298 513 310
198 310 163 525
444 12 74 422
283 192 472 52
463 437 245 465
157 504 440 303
118 452 596 561
596 1 371 148
477 403 339 563
112 317 266 543
547 364 273 430
480 31 63 140
447 519 500 53
165 237 138 321
27 239 406 243
108 365 194 378
181 501 339 435
534 506 619 557
368 362 67 282
353 286 352 251
83 254 244 138
97 492 539 565
163 550 575 133
303 545 76 18
34 111 453 583
356 390 93 421
260 34 115 93
76 181 26 163
596 359 253 617
538 369 604 476
539 241 160 280
434 70 170 245
50 98 142 53
429 560 399 156
158 568 222 46
156 530 292 421
355 247 320 48
266 445 515 473
587 594 364 11
511 571 396 412
194 549 245 462
249 289 602 343
526 498 522 252
328 79 102 145
382 279 131 311
247 380 75 596
593 490 493 105
157 584 32 444
134 46 363 141
591 312 289 447
145 540 188 368
188 559 443 263
297 590 595 592
250 501 581 416
410 378 562 30
91 445 304 133
68 283 414 160
412 208 547 474
361 405 306 349
235 374 508 230
266 381 51 616
425 167 489 44
476 282 396 107
535 349 362 428
505 244 441 278
285 68 26 43
310 409 247 251
413 262 30 388
51 583 141 3
290 354 483 41
141 356 227 128
397 252 56 604
207 556 314 315
172 186 73 137
324 236 264 88
447 445 222 33
19 251 244 258
180 288 344 80
408 297 608 585
175 601 502 92
163 484 397 444
154 616 377 546
555 425 472 469
445 182 556 72
493 457 324 337
250 23 94 612
509 228 244 13
391 81 69 497
149 137 583 434
508 43 41 186
219 545 96 234
222 69 196 517
289 597 387 514
318 481 610 169
374 551 259 73
38 242 129 538
549 401 206 252
329 257 39 160
221 176 274 299
222 171 342 48
364 609 94 316
466 156 146 267
480 229 409 521
371 217 615 448
421 343 5 168
286 266 582 62
540 556 273 75
213 311 141 293
537 154 169 111
486 244 3 76
71 558 580 142
310 73 339 596
462 618 587 489
198 500 609 186
433 460 429 82
80 6 124 596
375 199 281 327
108 219 416 81
231 355 531 244
555 267 606 494
299 52 408 401
221 385 240 509
571 183 532 397
440 272 2 259
344 426 275 149
611 582 520 506
221 350 444 541
81 399 414 421
240 298 200 492
514 407 352 181
416 557 145 65
110 402 355 354
155 15 61 285
45 613 611 342
482 517 202 536
614 450 340 527
329 199 537 420
514 110 5 384
100 186 360 109
104 344 505 307
323 199 171 582
211 18 7 331
337 221 460 450
439 424 415 32
75 575 614 411
337 472 185 58
530 279 312 31
303 535 591 501
373 43 399 272
134 346 167 491
422 247 118 591
169 71 527 349
142 410 329 154
381 562 441 172
613 402 460 506
259 339 384 470
520 177 455 309
386 37 392 0
471 383 419 428
452 399 172 399
289 49 18 400
318 389 262 254
1 343 64 245
25 226 362 414
269 268 67 471
86 535 292 343
270 4 195 346
139 347 553 524
23 81 412 279
557 250 313 285
605 615 504 82
415 240 608 141
223 269 375 471
343 119 583 471
413 28 388 118
82 100 326 488
115 446 93 249
420 579 561 597
273 194 202 172
259 16 26 3
25 331 580 73
244 329 566 35
359 376 31 563
43 17 221 49
585 380 218 617
30 380 592 494
50 619 171 229
394 256 545 587
595 158 338 221
228 388 101 95
22 610 344 213
13 616 297 499
138 253 15 561
280 124 350 212
257 419 321 513
90 303 85 574
113 193 527 74
457 458 379 314
549 169 411 587
529 103 93 580
607 572 534 119
553 508 325 428
277 164 360 503
47 247 346 413
158 468 593 183
121 530 134 43
295 278 131 516
81 10 482 561
404 525 331 186
488 521 531 56
609 580 538 79
351 422 73 121
380 119 291 158
390 609 225 499
392 133 505 383
266 295 583 542
449 516 403 54
414 276 493 13
46 304 514 216
475 22 586 598
127 342 143 283
325 332 300 577
601 422 108 620
462 232 267 620
31 620 600 141
179 264 475 503
76 584 265 545
445 529 504 477
470 248 409 107
582 410 15 255
429 607 386 105
583 279 97 489
509 361 306 243
601 341 432 262
131 509 489 564
439 526 82 527
455 249 313 548
105 246 77 397
503 333 235 432
46 380 513 0
0 333 193 325
435 77 261 566
451 82 532 72
62 424 282 115
386 426 307 333
547 75 507 398
91 554 120 551
77 269 420 46
89 426 519 542
606 22 215 61
321 352 458 556
224 44 479 202
421 213 450 60
9 104 397 30
133 92 299 136
420 435 132 420
266 444 154 490
172 184 257 606
318 169 592 106
360 383 123 242
566 419 87 430
19 267 86 596
34 380 549 93
376 165 484 305
113 116 124 281
356 283 108 430
577 211 520 209
252 508 129 403
584 61 275 186
409 330 482 158
342 301 482 102
612 552 301 353
572 416 342 489
254 564 438 480
545 154 534 194
513 73 577 399
114 244 607 30
187 208 555 304
473 125 521 86
471 603 615 616
361 437 534 571
427 394 56 335
396 214 249 22
172 361 613 450
63 200 193 7
596 431 210 214
205 239 463 49
411 233 200 114
49 273 458 552
433 448 479 349
349 444 22 94
502 4 162 199
554 451 525 202
432 537 619 442
251 469 248 66
423 123 461 340
180 291 434 59
247 351 108 368
73 35 334 153
229 426 463 474
478 438 435 510
15 212 494 581
151 403 490 190
597 56 260 510
436 550 56 497
142 592 48 119
486 556 404 249
3 445 159 287
416 428 331 468
172 467 48 364
318 465 222 378
364 130 178 190
84 483 345 168
509 234 99 16
582 124 43 494
432 106 136 528
328 496 230 349
323 491 339 368
480 441 244 183
273 269 600 365
163 435 252 214
546 560 183 41
260 431 432 106
332 321 438 24
219 107 234 145
100 275 553 540
580 542 27 438
457 526 98 4
188 432 595 212
592 395 276 585
262 77 97 538
449 13 261 107
276 609 521 79
281 619 557 608
177 304 270 183
454 280 582 556
232 466 148 566
395 544 353 204
3 369 99 525
538 508 401 18
34 72 40 176
132 597 307 139
124 467 82 178
284 54 334 601
458 294 172 598
43 410 415 144
585 116 462 411
32 378 542 237
479 145 606 570
611 521 405 131
44 181 393 403
168 506 73 492
532 495 180 160
20 269 270 133
304 225 409 209
572 137 444 50
430 371 61 445
361 20 433 112
239 445 280 583
478 566 601 466
158 484 505 508
22 616 6 369
46 336 558 44
44 502 572 449
393 546 258 418
494 48 60 522
238 99 447 425
382 225 59 487
393 496 344 417
283 337 560 490
341 289 331 602
524 200 120 435
109 443 600 80
591 313 424 434
131 485 294 156
412 58 376 14
425 418 439 342
460 610 87 519
241 53 280 89
435 591 503 245
238 467 123 598
431 428 246 574
150 437 24 122
124 8 289 554
70 574 330 364
214 29 574 341
261 289 32 330
228 69 25 277
367 108 47 620
205 302 405 331
548 301 136 461
287 475 499 244
614 169 81 503
53 169 129 218
560 45 394 413
95 483 389 94
281 546 189 205
563 448 539 594
119 262 102 578
240 52 285 451
340 320 383 301
86 261 200 182
155 412 451 438
289 582 274 142
282 494 207 413
351 422 13 303
60 273 324 13
373 549 89 121
528 409 505 188
229 572 58 119
231 497 545 506
43 540 124 616
561 216 557 123
174 484 131 342
535 516 105 71
439 34 291 589
297 30 157 131
495 564 139 468
184 465 569 450
326 79 510 171
378 441 262 378
83 473 183 542
42 200 71 306
367 490 616 362
322 379 311 10
65 421 448 433
194 533 365 552
305 131 93 493
271 362 610 34
274 91 128 152
264 333 153 498
604 499 412 170
174 206 142 516
282 161 156 196
433 414 143 500
413 516 377 224
564 78 231 448
572 405 528 448
98 187 148 141
560 325 142 393
457 182 233 227
144 275 44 173
260 131 290 597
557 140 38 459
483 30 207 546
317 320 264 168
169 47 496 59
407 370 179 599
502 362 582 405
264 285 72 48
584 420 460 501
177 600 382 413
465 211 206 199
406 132 359 105
200 107 367 328
559 220 591 366
450 516 40 25
297 155 16 531
321 501 326 55
585 127 35 250
49 156 606 80
84 19 363 39
256 548 557 199
161 560 601 235
555 280 87 520
64 570 504 559
473 234 417 396
323 395 173 608
485 76 511 219
547 91 4 269
334 30 433 402
413 299 123 93
538 275 190 282
133 376 478 94
73 263 217 85
74 64 54 161
70 345 557 397
318 58 414 38
343 101 614 428
68 285 126 142
256 46 6 387
605 88 231 560
140 414 223 40
478 565 157 577
566 528 316 528
508 324 106 32
376 403 570 94
592 111 150 585
618 219 173 101
587 3 123 356
538 381 473 236
441 380 264 62
323 40 163 138
583 608 504 79
612 240 153 191
219 534 295 570
579 322 100 10
97 379 396 124
560 422 97 598
516 576 21 405
135 19 266 308
395 8 93 121
241 67 532 77
301 285 200 169
0 445 212 565
615 334 247 394
336 72 363 244
5 344 192 191
349 284 222 366
217 403 265 228
1 376 151 18
220 527 200 84
475 531 12 107
430 585 357 11
444 47 139 88
26 310 72 55
18 297 565 563
329 203 4 119
339 379 181 16
549 186 236 448
618 197 216 352
286 515 354 438
48 597 254 576
507 560 40 185
575 114 229 412
554 298 600 246
2 206 505 178
529 594 323 197
345 308 561 142
482 47 91 381
106 499 58 227
199 581 424 300
477 97 201 335
454 131 64 289
501 147 373 351
309 557 106 405
80 571 78 554
154 163 397 387
196 175 469 363
146 91 540 288
618 410 76 20
256 372 275 571
302 521 519 382
13 233 172 193
509 398 24 517
221 317 480 56
500 472 410 526
426 290 486 354
193 414 122 572
523 123 279 16
340 140 269 291
447 177 388 38
534 408 31 485
378 173 106 189
162 197 525 370
371 130 18 540
363 187 464 276
12 218 535 11
87 387 610 407
312 498 109 491
479 93 60 604
368 365 176 596
313 529 286 171
236 138 297 316
293 333 471 557
210 42 441 214
489 489 336 2
424 197 219 282
338 51 165 252
320 455 140 591
192 449 205 229
505 364 251 359
208 571 274 81
45 67 177 195
35 167 292 563
89 186 21 396
111 287 419 45
441 117 345 435
497 6 490 191
475 617 324 95
233 48 226 184
581 186 328 366
469 580 591 470
111 24 393 307
471 219 489 364
341 331 459 143
237 215 361 77
551 436 334 383
547 543 421 481
50 511 567 618
169 575 378 29
340 160 494 367
456 572 471 66
237 372 292 28
266 285 418 543
523 149 387 194
500 426 29 141
189 94 44 435
528 618 112 203
191 26 223 529
98 160 160 592
203 74 186 480
190 49 62 9
455 205 172 14
137 317 532 431
216 597 45 354
321 102 244 305
73 538 526 615
74 437 224 273
147 517 4 187
444 179 398 326
612 356 586 110
495 467 305 426
498 507 261 363
311 211 156 250
56 170 245 133
53 516 184 237
555 224 316 423
604 309 401 597
306 533 64 109
26 367 179 259
31 87 166 182
341 38 537 264
387 72 65 19
281 340 46 141
354 494 223 289
162 475 474 409
228 178 306 179
186 10 606 291
231 171 14 367
66 609 418 141
91 355 297 611
184 115 121 312
440 200 88 437
326 205 520 285
194 353 512 409
435 474 302 574
346 245 19 364
229 189 44 96
489 482 278 322
379 12 340 207
56 148 219 440
388 464 64 428
269 2 203 314
213 334 439 126
74 14 202 344
555 99 349 357
320 213 255 63
254 436 374 20
502 4 355 466
596 402 564 43
383 514 356 259
414 68 211 102
299 129 366 485
36 332 520 41
500 485 26 589
361 397 187 399
125 294 500 34
371 161 507 343
336 243 583 200
5 363 402 50
466 173 265 305
354 320 141 223
348 617 571 432
245 235 599 15
352 566 348 6
619 381 216 613
281 54 204 580
419 205 196 313
237 447 337 407
393 602 333 296
224 117 530 383
421 43 401 417
299 597 597 612
332 171 226 487
1 15 459 323
344 380 466 388
192 232 298 537
460 499 291 407
203 174 510 429
53 432 191 249
370 414 467 281
283 4 229 71
393 16 464 381
66 89 68 1
450 432 577 613
289 427 576 403
364 405 74 530
387 607 515 248
497 18 7 293
83 500 536 481
403 340 107 361
265 296 174 412
195 357 295 132
209 575 48 57
179 117 276 255
585 425 461 100
344 187 214 231
161 244 113 58
125 345 94 16
250 22 584 511
479 404 557 518
342 508 339 149
108 305 389 144
235 99 69 170
524 440 569 214
596 468 518 185
325 321 167 426
61 370 499 94
54 419 86 27
4 249 227 155
338 300 549 404
615 208 443 586
571 591 65 361
352 250 522 424
279 344 186 288
555 358 476 544
584 185 620 35
468 80 375 177
490 391 122 575
33 445 432 298
45 540 85 530
475 206 267 163
486 216 405 370
302 515 180 502
352 497 83 289
183 498 76 334
197 412 83 508
391 61 517 17
246 464 108 341
292 583 215 212
25 412 527 547
113 307 361 521
376 116 414 152
237 397 353 453
17 269 345 495
189 407 302 13
481 221 263 384
303 30 588 262
523 576 145 241
530 190 6 570
96 619 138 356
203 400 136 527
207 552 434 491
217 414 45 311
118 567 600 516
277 443 549 277
387 343 153 532
602 245 198 313
111 58 187 604
173 567 81 201
4 383 495 4
231 194 92 164
352 77 403 615
101 400 291 544
427 514 580 85
96 417 12 526
346 28 439 29
452 126 275 316
400 68 104 303
74 109 48 16
154 374 519 314
562 616 401 563
105 222 405 530
280 207 513 259
42 156 102 198
581 571 382 264
91 414 173 555
368 199 560 75
375 80 483 351
303 522 73 413
488 551 383 309
232 111 74 49
466 495 210 443
96 38 63 222
471 189 438 541
293 321 46 192
164 261 537 160
584 182 275 82
304 235 244 84
25 189 269 392
563 398 259 143
263 527 418 271
221 136 244 321
597 429 358 154
327 323 11 602
4 516 112 236
406 34 43 149
565 137 33 19
490 16 587 347
378 163 396 104
79 424 141 207
454 474 214 6
306 343 27 280
372 401 417 588
47 172 104 488
242 466 473 183
423 430 596 0
582 372 2 477
5 609 203 41
113 221 543 363
18 357 451 619
417 169 313 549
391 326 358 191
24 336 280 535
78 173 444 206
302 440 107 369
277 213 61 17
122 92 439 606
394 306 523 177
223 147 419 512
481 36 250 81
157 340 574 388
91 556 509 335
364 571 616 332
78 1 504 522
422 287 107 413
298 210 600 221
255 499 502 246
222 432 240 189
604 58 64 378
125 586 573 264
28 214 69 520
99 429 512 246
234 311 221 330
448 93 140 169
245 398 422 343
578 533 267 436
270 393 10 358
237 490 512 46
387 246 436 518
198 402 575 424
286 186 385 260
321 611 523 402
617 334 187 598
595 349 564 3
262 140 557 74
491 109 187 221
260 105 580 165
91 473 212 236
173 397 378 148
19 13 166 177
616 323 361 59
189 243 187 506
228 515 76 497
423 114 455 126
317 175 194 179
112 500 70 356
174 157 523 501
66 238 159 82
390 235 496 248
489 358 12 264
580 21 163 530
287 173 197 589
273 436 605 298
522 478 479 398
533 283 64 617
158 200 379 312
470 541 386 259
117 160 169 494
504 378 308 486
186 55 303 582
289 181 203 427
490 19 12 46
334 16 452 343
551 129 188 109
481 298 242 331
129 358 258 311
70 466 173 79
590 8 316 547
365 483 251 8
38 233 321 450
406 510 469 570
545 552 237 506
172 334 416 386
149 504 456 604
606 116 109 264
472 221 120 33
336 62 116 87
78 89 531 445
578 436 107 582
319 389 306 453
512 479 504 278
519 369 267 585
525 293 377 216
90 376 207 3
83 543 54 452
514 105 201 302
574 542 83 401
515 21 58 460
198 267 252 111
200 530 2 462
568 96 161 113
475 425 432 517
74 174 149 415
233 0 355 213
445 485 269 378
27 248 525 131
583 604 373 599
583 179 251 190
315 367 308 297
299 357 173 178
339 494 231 18
365 463 460 67
544 403 308 510
554 535 61 17
67 580 9 334
366 286 571 396
425 285 336 443
7 445 379 210
19 249 85 180
49 387 473 149
124 443 367 589
77 529 607 559
419 134 157 264
135 514 219 511
274 138 306 541
422 217 163 588
430 128 255 332
101 123 539 269
407 88 383 198
618 72 338 78
178 368 542 55
97 424 389 446
77 414 302 317
74 456 294 243
344 278 69 381
581 322 524 191
142 39 40 257
384 145 102 516
374 557 545 75
221 173 517 552
32 352 278 337
533 144 368 607
431 25 119 10
327 550 1 392
578 131 342 20
604 505 487 251
609 286 57 581
59 587 267 378
125 211 136 377
593 516 400 180
264 19 256 118
316 302 147 192
128 62 405 30
580 353 404 174
363 475 546 578
456 555 21 277
10 1 400 517
227 194 251 570
374 441 457 63
456 48 513 445
567 90 100 78
441 260 487 341
414 306 284 6
466 126 26 361
611 355 520 269
403 49 300 98
349 360 27 343
551 29 68 14
603 179 5 185
46 284 58 358
182 128 251 43
245 142 519 521
32 46 435 194
70 236 25 120
421 75 68 518
282 442 259 415
62 19 417 38
