1600
215 551 441 133
151 494 343 246
327 535 57 587
137 85 218 513
111 179 347 288
52 620 328 297
536 327 44 547
189 3 482 220
587 204 298 147
388 521 326 561
478 69 564 378
180 85 260 21
445 408 254 60
471 220 519 557
532 433 400 565
233 5 250 484
535 569 163 201
357 426 155 610
62 509 193 597
244 113 262 183
522 620 107 302
482 34 577 392
491 291 526 407
474 512 470 498
491 269 161 189
424 570 494 610
273 48 155 341
400 447 40 373
7 61 88 292
476 215 336 87
150 78 135 117
392 1 596 162
179 85 400 183
174 396 283 298
54 530 201 106
554 320 391 418
179 204 253 478
186 540 177 611
299 227 432 126
143 356 606 260
87 53 265 491
212 328 526 252
436 261 367 380
139 119 348 489
377 202 153 531
403 433 385 294
494 8 45 143
487 588 201 259
303 296 536 265
120 255 269 544
464 37 343 133
365 416 483 618
412 302 228 519
0 277 402 333
36 329 188 275
75 435 82 149
76 138 439 271
188 421 60 373
322 336 4 231
611 299 411 451
108 8 608 151
243 281 107 353
244 527 253 191
564 417 85 476
208 143 235 614
224 17 310 88
299 525 88 158
341 183 195 173
119 239 577 164
485 225 157 461
243 396 612 127
419 617 128 482
348 426 368 428
422 116 481 95
1 205 76 484
207 319 29 73
333 124 478 246
220 77 193 590
225 590 36 162
182 86 224 160
550 186 572 550
193 479 485 177
282 6 19 146
495 275 369 527
281 201 339 216
573 415 521 408
473 170 566 270
143 49 427 432
571 373 79 582
592 280 542 86
518 579 16 348
286 524 536 336
389 302 436 137
618 414 195 358
356 505 347 276
154 137 342 60
133 34 427 489
445 26 150 94
525 50 113 212
315 168 267 140
585 199 400 149
151 416 210 500
166 570 376 94
553 160 265 489
385 530 565 461
283 76 431 79
141 303 227 107
502 96 294 52
117 552 173 469
603 163 245 167
500 398 609 162
406 205 477 426
31 26 127 108
569 261 427 274
11 95 562 287
550 272 407 600
239 154 431 261
572 335 111 185
88 92 510 15
149 174 97 87
385 218 295 10
186 348 360 546
168 304 475 101
466 585 562 126
69 300 308 437
405 534 34 436
183 358 465 37
45 230 370 112
542 478 248 259
41 178 241 306
217 60 395 459
546 70 465 153
127 150 247 459
78 261 602 221
348 227 112 354
170 528 487 34
606 576 485 88
377 482 583 26
101 187 369 271
171 149 144 602
434 434 95 257
197 431 31 292
35 2 503 113
198 106 423 194
570 576 549 68
521 295 257 159
475 528 16 560
607 157 181 53
470 596 125 302
498 364 612 365
183 552 349 463
244 485 350 144
283 581 292 277
513 91 322 66
159 279 403 559
420 346 530 18
468 575 575 241
297 178 386 519
27 477 9 64
255 249 321 349
382 268 93 329
363 516 384 443
512 175 379 150
296 177 62 7
389 360 269 43
298 436 380 83
31 244 2 239
199 503 317 79
414 457 522 354
35 245 579 610
116 71 63 578
425 598 453 119
2 284 477 473
118 480 391 385
606 409 470 93
75 447 106 315
323 571 199 569
300 27 576 472
271 464 569 82
535 605 219 617
202 118 180 50
547 616 350 161
381 214 55 288
131 187 71 459
60 233 511 558
138 268 33 120
172 508 19 121
212 180 545 261
58 71 109 153
71 199 429 321
454 268 277 552
69 449 123 383
306 574 405 367
148 35 533 61
189 245 354 378
550 18 93 453
123 152 18 152
547 215 266 463
81 487 560 46
107 76 388 508
163 491 358 489
619 460 30 98
69 586 125 367
82 67 391 461
240 530 109 88
346 274 581 25
519 292 563 248
433 369 175 177
227 419 483 538
526 230 434 158
172 387 504 511
253 257 402 615
292 277 496 286
57 430 261 610
356 110 326 575
186 510 179 23
128 225 34 617
107 219 498 252
411 566 45 341
611 81 107 61
558 579 362 575
558 362 578 308
193 227 221 597
440 453 194 500
405 108 108 325
585 9 160 325
568 507 421 124
356 64 448 86
402 378 201 107
110 215 251 495
193 37 217 79
572 134 268 512
90 83 620 267
190 282 611 77
371 577 537 247
83 86 271 489
406 294 601 323
478 497 134 159
159 399 297 195
382 2 595 94
68 57 88 256
134 340 243 581
506 478 517 246
126 149 21 297
79 227 193 336
609 15 443 583
321 10 212 167
295 449 430 598
146 275 438 259
70 567 512 311
172 398 575 544
523 456 96 80
285 51 590 88
353 389 219 451
583 227 421 315
12 180 551 30
343 86 117 218
56 462 289 44
239 247 519 114
16 65 117 141
465 501 362 302
433 238 574 258
153 238 566 288
336 286 575 527
33 150 294 51
284 523 194 98
213 473 503 131
312 59 83 274
358 581 597 296
607 43 549 347
143 24 117 486
57 22 487 347
90 98 70 410
461 254 352 176
7 480 120 340
224 133 543 34
41 227 27 608
159 572 164 107
274 128 609 421
198 601 182 125
162 223 316 577
457 149 130 247
481 222 60 551
413 210 119 572
29 559 542 18
614 609 319 481
619 302 494 532
281 397 227 24
311 225 58 34
28 514 261 315
620 164 40 352
448 410 596 473
99 378 8 399
608 324 58 396
527 55 87 607
22 562 122 116
64 121 324 582
368 474 618 283
210 468 32 318
158 439 242 511
340 483 488 210
387 363 615 324
469 218 388 251
50 385 64 336
142 338 539 449
534 122 95 279
237 115 600 518
422 524 21 50
218 155 296 346
256 46 417 282
288 240 328 275
110 177 399 589
376 534 0 337
360 367 383 532
613 292 258 99
427 76 488 38
597 287 125 526
216 218 414 533
79 453 154 381
615 95 140 583
267 163 361 280
419 136 260 39
147 282 212 539
598 480 365 322
605 281 539 263
129 516 565 45
150 53 44 503
455 345 339 543
573 336 234 424
56 297 343 120
509 74 134 619
112 220 211 63
253 276 547 569
160 224 155 476
117 413 583 2
116 251 108 90
419 118 588 534
492 381 151 477
165 568 249 490
125 155 591 470
210 73 299 513
474 179 513 368
216 206 201 440
223 575 583 340
131 437 343 17
65 487 221 298
378 245 611 364
150 20 289 283
44 156 61 449
492 42 79 424
328 11 560 428
306 282 133 20
97 125 388 213
82 487 410 356
313 315 468 395
536 607 568 315
321 144 221 7
218 480 338 617
259 316 215 2
267 48 566 448
524 239 416 288
278 519 255 141
232 293 161 220
203 586 68 208
568 78 420 51
255 438 122 338
25 449 238 184
295 513 1 437
593 492 55 89
579 294 367 179
571 391 370 199
419 285 112 108
334 441 176 388
600 478 474 488
443 412 290 45
213 186 154 69
32 525 392 300
208 105 275 206
344 599 388 402
84 357 401 123
495 243 235 389
190 54 462 346
294 613 519 19
172 396 470 42
291 482 303 535
140 326 167 335
425 87 197 506
253 264 215 20
475 88 366 528
225 214 86 281
352 81 179 115
525 517 65 318
307 336 247 203
489 543 172 158
542 178 183 376
115 315 611 245
582 269 485 407
616 394 472 89
269 399 536 5
441 234 201 474
406 477 234 116
249 605 411 195
563 160 533 212
594 275 278 6
508 384 382 297
520 250 163 491
399 143 382 479
589 546 354 204
582 484 80 445
114 219 242 361
370 522 330 550
378 160 107 397
10 69 429 417
10 423 112 119
527 37 94 350
289 503 20 592
453 224 7 208
501 109 576 522
151 607 379 519
255 234 615 550
540 257 147 281
376 54 250 484
71 247 544 599
552 164 393 352
593 480 449 386
29 296 183 415
4 102 270 312
354 261 518 604
368 389 21 163
472 500 127 426
431 469 371 588
114 260 386 237
280 20 175 322
378 394 425 256
187 502 234 460
98 602 298 357
413 65 169 191
387 609 490 365
163 308 91 318
60 503 165 378
1 96 189 79
483 125 385 211
438 489 213 443
504 110 530 553
254 144 519 140
29 509 396 62
13 261 266 585
344 188 12 6
197 325 215 141
0 325 418 521
105 370 479 108
502 261 116 376
509 506 245 10
107 273 536 118
584 487 483 584
44 340 153 548
589 53 211 432
532 365 393 33
171 325 309 487
368 96 402 383
112 64 483 589
457 397 289 100
208 453 618 301
218 191 524 511
256 446 413 201
441 80 452 195
564 177 119 258
37 120 563 482
169 182 102 141
430 581 392 461
55 152 307 466
344 265 133 529
309 63 455 275
166 165 444 375
351 49 258 164
600 439 9 620
80 344 290 444
547 135 162 383
421 36 423 485
198 528 509 228
108 173 400 145
121 127 550 442
282 177 585 198
466 86 313 334
453 47 251 96
552 235 408 501
480 22 328 276
56 501 363 517
256 84 442 64
317 520 392 198
369 300 464 517
21 153 592 208
122 284 397 571
412 145 245 583
514 3 455 269
343 29 351 577
31 192 587 613
296 64 202 229
212 346 447 147
399 63 369 537
446 363 559 548
538 106 564 440
120 344 93 140
600 151 162 168
280 67 605 68
608 402 555 305
455 152 349 166
202 151 109 336
311 579 98 570
405 298 366 219
264 592 239 438
213 583 558 168
550 272 491 617
522 232 246 88
295 620 237 234
537 283 12 210
183 521 48 489
208 444 319 385
433 274 497 385
342 311 152 561
265 363 270 406
112 534 475 461
433 243 611 503
101 481 292 458
249 109 262 208
378 177 197 461
15 320 227 26
32 398 23 221
341 171 391 436
194 486 486 93
90 232 112 483
366 65 204 511
93 614 328 106
274 283 616 333
383 14 431 159
441 410 223 548
40 507 381 166
384 85 434 45
525 412 458 482
598 481 172 336
283 97 28 513
509 200 476 579
274 587 39 136
112 77 210 581
455 501 216 529
523 312 162 214
78 283 441 276
342 489 81 287
207 220 271 371
87 490 127 545
473 604 308 269
490 70 242 124
567 32 242 611
214 331 477 45
536 360 69 447
384 138 119 150
429 496 503 53
281 411 424 52
561 77 388 115
61 236 6 359
165 449 109 273
422 468 609 10
24 423 101 548
496 111 203 70
282 39 135 53
108 175 526 477
467 379 106 361
289 79 41 586
575 511 185 98
161 121 107 435
552 258 511 195
371 367 448 405
360 513 237 11
417 308 238 523
79 190 402 195
539 284 345 417
182 163 212 195
491 461 550 82
100 328 400 356
172 373 398 86
145 430 444 576
339 87 69 466
365 253 481 341
401 398 216 59
238 225 408 154
268 489 4 190
578 337 45 240
292 549 537 299
488 178 12 342
48 192 72 595
578 363 110 75
518 598 532 269
109 453 176 109
472 204 499 586
514 620 13 609
508 265 582 361
41 361 309 212
368 157 296 208
213 63 193 289
44 307 80 90
532 232 349 58
255 14 329 370
486 251 175 370
236 41 460 592
461 595 464 273
141 126 307 446
617 235 543 102
78 469 88 402
204 430 208 29
244 153 300 251
393 214 286 485
471 148 434 340
560 599 547 262
286 287 475 434
528 204 293 209
102 100 277 553
251 460 571 217
547 593 550 488
100 285 248 220
122 165 124 114
437 104 289 589
112 498 117 326
242 445 57 569
119 197 221 559
394 510 221 148
359 253 615 180
148 481 505 500
518 360 509 110
162 307 367 421
618 580 538 64
596 267 269 127
229 431 165 290
53 299 332 264
100 48 477 543
416 510 11 132
383 271 521 362
348 522 417 293
307 115 580 618
91 127 14 227
324 22 490 69
457 407 363 422
371 142 274 241
116 408 53 311
398 230 357 547
507 505 35 557
333 146 127 551
62 177 221 142
336 117 121 79
184 158 412 195
448 32 110 135
179 443 125 440
24 137 555 398
114 504 17 577
67 31 116 75
357 599 532 276
47 290 306 183
533 510 146 57
545 419 125 492
589 386 610 144
282 516 329 408
337 101 199 400
495 375 102 345
281 477 333 72
254 271 452 392
360 619 345 22
455 372 376 203
12 2 296 1
188 22 412 399
66 517 406 209
3 401 324 402
312 77 152 487
449 59 378 494
455 373 21 343
372 353 512 83
443 351 320 548
618 421 269 404
67 618 326 365
525 527 158 146
479 59 220 518
384 449 341 367
362 331 195 9
51 487 268 618
543 381 484 612
406 308 564 548
250 290 545 356
404 371 213 31
69 613 486 502
116 29 382 431
389 552 122 553
574 577 118 566
247 350 69 526
570 204 413 202
508 141 279 124
616 368 152 195
88 372 347 281
237 16 481 256
117 335 65 305
610 8 171 510
382 283 542 1
252 266 325 330
454 128 77 498
223 353 544 588
233 212 488 141
0 441 359 17
410 620 98 311
402 539 226 498
337 486 111 335
367 249 292 256
306 310 380 302
21 410 536 285
203 24 312 159
449 261 508 495
17 139 331 9
189 129 406 123
175 573 39 52
543 231 194 112
29 460 568 162
456 577 160 338
210 274 379 351
336 104 578 253
151 59 383 410
375 171 334 586
493 42 568 427
595 446 601 409
576 80 551 454
183 561 202 455
183 301 245 79
102 506 25 59
392 403 341 357
602 559 602 262
534 112 420 416
501 273 228 288
125 615 328 554
165 328 18 88
471 325 581 398
7 542 49 55
435 308 234 10
40 175 244 311
359 476 28 221
289 337 159 24
555 527 392 545
386 380 455 280
265 5 430 212
20 167 565 88
569 531 547 241
580 327 582 556
349 172 115 206
320 56 195 431
34 306 263 541
563 208 275 65
393 457 221 378
26 44 162 595
473 83 263 192
416 295 301 512
214 67 429 614
81 462 331 5
0 299 302 506
165 328 356 321
599 261 388 166
143 139 114 423
332 141 73 414
384 600 25 341
174 236 234 611
97 435 96 274
317 414 543 71
226 267 431 462
150 368 260 481
322 421 4 411
59 265 49 163
367 18 243 76
96 430 450 617
251 394 465 347
215 417 497 423
440 539 78 449
131 55 318 460
568 419 555 81
11 449 169 49
230 483 92 260
78 296 135 163
60 45 13 604
567 161 215 116
351 419 539 253
303 61 26 236
184 486 564 18
431 35 453 140
110 155 597 8
523 89 473 271
105 503 458 106
301 322 445 562
276 303 66 498
287 63 366 97
241 502 598 412
393 506 47 437
248 128 182 284
558 115 414 537
207 231 110 490
515 581 538 277
499 67 104 408
63 379 529 29
168 135 389 199
504 511 162 168
301 551 223 174
373 327 348 585
117 379 60 231
139 13 15 606
187 69 237 611
479 54 16 488
431 328 193 172
10 349 176 437
474 11 467 453
302 592 314 112
446 19 166 546
545 212 613 526
135 497 534 337
181 166 23 597
85 63 130 27
510 588 397 459
528 403 467 577
74 121 540 135
202 595 161 380
151 58 525 14
451 290 4 76
321 522 341 155
30 382 418 240
604 107 49 116
572 56 394 401
243 206 46 343
413 115 451 298
80 454 241 251
618 565 403 6
377 97 432 142
9 23 556 348
485 421 200 553
302 287 415 432
367 355 214 612
272 228 209 521
138 532 569 463
24 246 226 121
213 62 22 615
523 49 491 62
178 357 76 501
511 171 86 209
158 517 576 306
382 494 280 506
372 560 401 546
519 433 244 471
218 504 580 506
72 137 62 130
21 105 451 490
424 509 439 400
168 498 28 507
333 66 403 276
36 576 492 441
518 34 206 263
514 252 236 437
373 223 143 585
260 396 490 1
431 415 230 189
546 138 302 32
448 503 359 135
36 347 327 138
572 587 328 324
5 303 192 441
610 93 325 333
508 366 438 447
540 445 311 160
302 122 250 562
235 615 472 19
255 110 524 261
55 40 594 392
99 50 232 616
170 273 395 37
242 181 482 458
585 20 7 600
568 295 324 83
166 254 611 590
572 614 43 240
106 118 397 81
399 534 199 344
608 179 284 198
225 194 304 422
184 16 272 334
222 359 190 215
134 379 406 109
169 611 528 343
346 500 143 397
255 591 332 161
178 397 297 396
150 220 545 152
344 461 193 616
63 67 271 474
359 466 115 318
42 288 44 527
366 68 477 479
571 490 221 218
266 62 406 49
434 243 160 450
20 525 185 428
46 68 234 178
90 361 113 68
459 571 95 59
271 512 444 509
175 462 334 228
503 618 559 397
310 462 532 275
90 57 447 493
601 428 480 327
241 267 88 200
553 582 575 54
427 63 280 431
606 65 472 396
251 40 142 280
28 193 370 459
174 616 501 87
486 397 145 65
219 232 609 345
401 424 37 462
62 432 563 457
497 506 5 249
272 430 325 470
2 333 247 172
563 515 172 507
470 620 581 610
250 102 539 228
177 518 609 264
318 541 28 459
392 501 374 366
76 171 11 173
283 527 475 428
471 313 513 243
59 430 396 9
20 1 10 299
338 128 452 257
536 71 323 141
74 585 536 29
127 485 67 147
174 573 7 161
134 606 32 57
505 127 390 313
6 546 231 559
604 286 560 449
489 547 523 69
495 64 126 204
27 538 167 101
97 74 505 122
329 334 313 339
466 29 369 371
455 292 71 2
346 240 270 455
276 63 124 308
120 122 403 384
252 484 593 162
396 568 175 597
42 289 340 346
583 522 310 263
145 202 456 393
381 561 541 554
619 525 386 205
38 503 382 512
450 295 176 87
516 20 362 354
398 594 161 251
388 525 93 252
41 57 140 438
293 322 64 410
526 110 602 95
465 568 491 30
576 487 311 181
356 218 359 597
161 531 451 488
117 537 373 187
108 291 395 82
511 329 21 257
374 78 92 375
30 391 444 80
186 353 118 372
606 354 475 172
546 337 497 70
113 31 430 176
421 10 20 250
472 503 563 412
317 538 617 66
243 331 363 272
519 284 67 470
518 192 492 248
426 187 260 70
612 135 450 152
429 294 81 0
611 138 391 588
246 356 583 133
374 198 61 137
29 407 545 62
461 610 275 286
213 35 204 445
576 524 233 566
77 554 164 231
74 39 330 123
528 48 338 573
404 466 518 307
536 320 87 233
27 159 433 92
447 424 138 26
290 294 275 222
60 524 579 142
381 319 612 40
134 448 314 414
243 309 197 232
441 521 291 121
1 367 383 71
516 532 612 9
521 206 184 173
310 235 482 562
282 612 555 175
345 275 551 539
71 580 329 315
573 117 180 533
528 3 9 492
330 186 592 411
541 303 290 554
65 496 429 106
315 193 216 210
41 208 147 489
76 218 70 442
578 181 192 568
608 385 291 156
428 198 49 490
67 314 494 228
569 327 136 254
578 552 29 54
165 497 56 207
87 80 167 42
565 77 238 86
33 84 166 470
451 172 487 239
15 525 57 281
14 413 607 547
382 603 482 390
76 303 465 269
577 596 122 533
298 388 458 336
74 613 190 136
14 206 452 610
148 439 574 332
529 130 230 238
136 403 220 440
297 584 586 517
203 89 350 497
594 535 64 70
154 164 115 301
71 596 416 138
594 570 124 244
446 140 380 164
219 62 132 424
132 129 549 529
93 14 45 373
294 365 336 446
299 271 167 337
43 595 351 143
41 131 458 569
283 458 588 278
551 564 477 235
323 438 581 464
591 415 342 384
171 374 37 573
202 185 304 51
78 332 477 87
371 469 32 30
209 94 617 81
514 276 341 280
192 39 101 616
104 72 293 397
567 546 308 469
180 24 16 181
241 423 128 337
16 262 389 479
300 153 455 410
557 590 529 385
314 280 30 198
525 597 56 11
282 88 196 335
515 591 199 175
136 477 266 607
100 106 574 322
42 94 202 430
425 244 305 60
570 601 2 595
185 507 580 331
93 255 322 140
313 258 591 289
287 114 533 126
238 532 205 89
430 244 200 603
226 563 319 246
90 425 414 404
504 377 12 551
249 289 150 129
494 411 62 52
560 409 228 46
307 489 588 587
52 25 527 238
334 174 134 85
67 179 151 495
500 253 507 450
446 241 512 526
353 506 579 505
78 533 94 330
379 459 553 605
451 486 221 99
486 247 285 92
216 569 69 221
188 10 425 206
410 211 253 394
290 568 33 62
403 340 135 410
358 448 485 375
397 505 323 195
481 85 577 0
77 215 461 490
169 368 459 157
466 226 324 416
511 189 93 206
556 224 457 85
407 559 354 424
32 610 261 418
6 569 597 25
349 107 517 433
37 265 41 393
422 359 139 381
112 495 141 451
401 184 471 478
557 302 88 600
311 261 251 311
71 344 328 228
576 425 432 553
523 54 284 571
175 29 46 166
82 41 359 222
169 42 248 552
450 295 30 546
90 76 119 62
73 104 391 35
545 516 54 71
269 152 403 607
528 606 109 322
423 431 461 162
133 162 470 335
267 402 578 441
549 463 30 230
492 185 28 57
67 2 192 282
64 585 15 323
442 223 470 179
284 420 45 132
276 595 494 92
302 23 31 360
33 595 550 193
601 109 104 280
524 598 93 370
595 250 616 195
251 59 279 90
93 536 472 122
566 311 618 85
18 558 531 578
92 555 600 523
210 351 288 129
246 192 264 336
7 139 428 324
553 536 450 184
121 391 479 391
400 436 169 221
12 241 60 341
74 545 373 326
183 487 293 175
377 264 192 119
50 437 21 475
539 82 523 114
573 357 470 377
162 274 500 111
381 390 262 225
45 195 509 553
272 493 570 474
412 419 587 230
298 489 112 287
391 480 440 408
343 334 417 28
597 76 427 24
462 294 35 242
591 526 149 45
61 359 412 28
292 160 262 81
304 238 120 440
509 615 71 6
144 74 545 97
508 62 137 453
313 487 478 456
155 467 241 181
507 560 610 180
179 354 90 143
320 204 206 590
450 0 82 528
29 168 148 48
95 493 361 250
483 368 36 142
440 495 497 218
462 490 486 179
371 287 268 562
320 377 437 210
578 380 97 245
29 121 27 179
442 32 123 559
209 295 203 54
170 221 30 129
144 92 13 522
220 39 14 401
160 255 515 467
201 411 123 200
558 372 122 71
209 478 445 614
376 312 509 437
150 340 329 576
569 464 277 189
561 460 542 515
48 174 444 234
247 517 580 245
131 554 360 290
36 235 175 433
63 485 333 170
542 57 277 216
204 270 447 408
546 511 180 326
437 22 118 467
159 461 95 551
107 525 505 490
251 595 188 333
586 558 539 234
132 488 108 55
31 466 109 591
104 592 502 82
463 363 271 343
69 601 286 573
500 199 206 103
302 185 28 258
179 195 27 489
181 598 547 531
493 552 473 121
567 608 211 181
216 23 236 393
334 618 271 36
423 484 607 449
408 615 272 268
299 353 94 212
11 295 373 561
430 308 54 187
586 491 236 478
489 209 105 473
559 246 619 363
582 429 524 358
590 272 305 114
617 187 492 120
235 39 64 485
441 519 36 28
532 167 393 520
13 80 163 358
354 618 121 46
448 67 219 262
584 189 374 374
512 521 253 22
239 269 18 460
550 50 185 542
559 232 492 26
63 168 210 212
538 387 239 468
223 530 495 237
335 133 478 202
258 335 90 166
78 319 578 235
520 498 119 178
183 592 97 589
585 162 261 181
182 309 516 536
191 188 117 617
555 128 358 434
551 44 387 385
368 123 5 347
268 577 123 111
202 263 311 14
31 400 522 158
592 206 145 480
199 76 338 10
486 525 383 135
325 207 392 546
161 85 608 188
534 228 385 133
72 276 336 201
363 404 368 56
528 463 74 335
463 614 341 270
277 291 462 422
371 535 317 473
232 510 388 266
87 502 340 410
153 470 401 70
106 369 17 166
155 167 350 80
140 90 190 313
372 278 446 432
45 219 356 21
578 350 447 33
420 97 225 108
504 502 541 411
368 161 38 100
161 230 421 540
311 164 287 287
540 477 184 185
120 321 385 325
500 406 221 104
227 334 6 150
247 86 547 148
17 440 385 450
135 398 113 582
86 510 97 326
126 617 33 279
159 365 82 289
34 320 415 55
79 388 414 444
240 232 350 579
406 488 410 559
292 364 300 532
324 207 115 460
234 331 295 43
192 179 364 194
483 585 388 222
488 510 261 381
326 208 352 593
518 517 406 430
118 239 524 599
7 59 48 397
529 604 120 66
303 328 311 414
336 510 66 260
162 508 550 405
244 316 335 211
535 288 414 619
56 24 240 391
144 596 203 2
219 537 112 228
411 334 488 584
618 588 245 510
149 313 371 265
533 396 22 359
538 577 369 17
61 39 284 67
119 331 559 173
529 83 352 253
589 494 319 485
606 200 546 312
107 128 389 589
532 509 404 419
272 536 388 47
460 51 526 194
192 185 172 73
586 66 377 403
51 501 599 381
469 298 179 311
396 373 268 405
302 130 232 512
160 449 487 112
612 532 364 71
271 252 112 447
442 497 426 19
166 47 570 429
516 490 133 477
239 347 292 93
27 518 569 553
321 345 34 486
549 127 570 481
229 237 390 444
89 58 335 431
523 174 482 0
529 290 40 54
572 163 80 468
390 593 300 473
359 374 405 325
193 52 504 104
258 228 423 12
341 14 575 359
523 386 0 618
125 367 583 527
515 498 219 185
508 504 440 297
316 586 390 238
328 144 562 229
114 181 486 205
608 273 223 51
86 378 167 92
279 563 127 344
210 237 615 333
552 305 116 301
235 430 498 383
371 180 128 598
604 442 600 495
591 139 329 281
19 436 170 94
551 493 350 456
180 537 235 200
114 185 371 12
345 336 182 162
405 410 484 307
360 131 555 297
282 135 301 504
264 373 180 506
80 470 523 548
371 441 526 330
587 262 575 197
341 190 170 570
73 96 582 294
265 436 18 249
153 162 584 252
512 237 21 326
601 525 492 238
322 185 369 537
102 345 470 349
395 560 608 233
415 318 182 366
524 254 615 338
501 602 164 616
442 114 361 447
46 350 81 10
289 544 222 10
428 235 398 245
219 101 205 301
23 17 58 136
177 292 301 123
441 364 368 281
40 198 212 204
180 306 259 35
392 158 316 515
567 573 83 455
573 86 314 65
423 104 25 365
38 30 332 322
465 297 561 381
356 432 281 364
355 19 190 220
581 371 334 300
40 199 235 9
220 567 411 252
577 84 104 123
353 313 71 258
578 132 266 149
107 314 349 444
133 168 564 89
242 9 311 203
540 56 348 605
6 130 319 559
478 474 118 113
33 254 300 459
131 518 517 352
517 275 256 399
573 348 599 416
285 424 221 557
413 457 514 179
390 269 69 126
12 262 118 332
165 259 445 261
365 103 280 296
427 593 236 416
292 280 295 53
65 382 456 179
535 456 574 357
319 289 111 44
284 30 246 496
268 48 115 591
373 374 389 584
100 536 448 582
447 216 19 55
127 280 308 34
364 530 144 113
242 458 404 126
68 321 598 233
384 207 535 567
249 216 87 264
175 236 209 310
23 478 488 481
211 138 337 216
476 88 73 509
309 597 165 535
357 0 300 209
511 526 154 620
18 404 144 209
215 145 144 496
618 285 533 291
395 539 309 495
236 609 415 218
466 186 353 458
516 483 584 488
127 527 606 236
410 210 226 15
279 183 296 414
105 46 467 530
372 524 12 180
569 423 454 99
9 53 288 481
293 400 608 323
512 376 78 117
373 20 475 460
373 152 106 8
279 466 60 400
186 389 90 457
104 185 192 469
343 563 90 227
11 61 176 438
36 98 270 191
100 45 437 48
190 111 29 540
184 190 209 540
269 600 291 602
459 99 239 596
408 399 62 251
205 576 170 468
543 209 70 321
495 79 66 574
343 104 371 261
144 211 133 335
454 118 304 435
596 551 406 175
90 555 193 64
239 70 475 23
108 508 405 565
197 160 373 336
128 462 149 106
370 559 432 73
482 470 403 133
53 282 262 278
179 446 105 337
458 394 220 459
367 243 143 397
523 168 12 365
384 579 391 217
394 596 527 313
60 58 551 350
462 507 264 609
122 380 514 32
221 310 258 328
180 551 438 81
398 492 342 542
439 580 416 392
63 304 438 315
482 40 141 27
9 12 346 316
113 161 40 310
559 322 323 347
264 29 340 282
321 417 563 618
219 160 479 587
176 570 301 265
499 491 479 3
531 118 431 615
522 189 12 555
426 291 134 484
479 53 348 170
509 375 256 237
132 311 102 320
149 452 462 326
327 242 404 186
33 345 589 165
435 620 139 34
99 566 596 522
493 101 350 131
291 255 401 532
259 347 148 586
431 325 557 255
442 19 454 85
355 484 331 380
327 153 612 543
493 92 91 291
612 496 277 203
90 487 51 331
76 93 328 61
199 384 561 195
392 145 275 62
573 464 322 52
26 100 426 406
620 222 428 405
293 380 613 330
451 170 145 92
159 281 491 418
168 132 174 589
478 490 68 306
511 319 183 273
178 459 67 392
273 143 587 142
520 221 144 451
85 117 604 226
372 258 283 184
28 406 588 562
132 105 509 537
54 69 248 389
336 61 352 546
450 368 420 468
