1600
585 86 238 365
318 462 617 392
248 365 573 481
571 481 467 169
539 293 607 30
566 369 575 452
317 83 302 144
464 108 173 228
45 80 271 116
287 490 87 113
52 379 418 145
85 313 450 551
594 280 430 582
584 192 572 283
44 515 594 555
252 355 506 494
452 419 303 259
7 83 567 554
54 0 361 502
154 105 291 483
390 328 130 518
573 239 424 128
6 303 247 393
168 582 240 35
466 6 405 278
18 19 337 190
44 40 262 389
569 117 612 422
285 277 486 387
146 494 505 303
532 108 535 503
39 251 301 66
156 127 288 398
290 260 306 338
183 367 469 186
542 220 171 26
401 433 117 572
248 370 289 450
40 243 59 444
471 130 62 382
103 512 422 184
332 504 520 93
611 150 258 96
21 313 437 517
609 514 369 577
162 38 81 209
593 372 298 369
396 424 131 128
613 120 605 103
117 583 32 417
404 434 204 77
475 178 515 352
540 422 257 564
570 604 597 472
223 264 338 345
598 322 57 166
512 88 552 314
279 51 612 52
449 508 86 100
39 545 227 5
369 541 37 62
309 494 267 454
346 333 382 181
453 559 403 544
617 378 337 516
463 437 101 179
269 172 15 374
355 448 330 477
446 404 321 493
27 86 593 69
619 221 359 177
510 411 61 493
380 331 137 544
394 342 207 480
322 476 378 43
620 337 532 39
354 522 81 63
1 99 11 304
368 358 417 462
2 48 354 212
91 347 309 199
220 130 105 17
319 376 27 332
27 587 210 251
140 431 52 497
27 374 272 356
214 337 265 132
170 364 68 373
339 128 107 510
209 282 20 120
458 553 90 314
19 266 112 58
539 281 294 384
394 570 620 159
90 192 88 191
553 552 302 502
321 522 402 214
324 78 601 372
557 141 555 19
573 121 435 189
533 525 222 16
71 253 31 265
460 278 1 509
356 122 294 484
107 461 275 288
268 425 347 538
499 6 377 161
7 387 515 542
183 120 301 465
443 404 587 359
369 274 105 606
620 478 380 290
408 616 463 226
17 595 346 48
493 107 436 344
216 282 614 562
369 587 388 178
142 28 413 334
361 329 129 72
392 420 462 85
249 191 247 191
316 97 92 329
3 352 212 467
359 403 394 474
238 566 160 404
315 518 139 155
106 456 209 599
578 252 505 399
86 70 95 209
434 423 537 579
53 333 535 72
266 129 568 361
241 272 234 555
416 410 113 34
369 403 96 386
118 319 355 249
20 452 31 115
446 178 30 201
108 200 365 327
446 405 259 373
274 539 266 283
173 390 459 380
355 163 422 140
38 103 169 327
453 23 273 472
135 292 68 356
553 392 239 545
137 99 586 556
421 418 493 349
534 240 64 595
121 178 615 229
59 480 499 339
87 590 123 265
614 386 325 155
463 96 521 519
325 405 99 551
78 524 480 33
81 490 7 329
413 490 79 451
430 499 272 359
507 135 110 108
419 98 240 593
617 46 376 32
278 291 354 392
2 382 602 15
412 456 405 134
77 127 23 127
232 293 111 135
314 448 542 241
533 540 197 106
294 582 416 401
422 145 81 129
248 139 519 408
138 614 282 294
556 346 211 503
405 491 414 335
10 450 489 157
551 203 470 434
611 82 338 126
332 270 304 474
183 403 178 363
495 122 207 296
176 414 557 455
34 7 473 187
272 0 159 287
122 59 324 130
398 310 371 383
483 383 275 484
90 221 260 415
286 372 579 498
254 119 258 575
549 25 461 372
361 442 381 274
349 251 293 45
291 486 442 617
465 343 422 530
527 209 489 282
459 177 342 238
384 395 120 309
618 278 358 329
360 559 313 512
256 375 317 610
159 398 175 438
520 562 313 466
378 185 476 347
567 495 40 310
489 571 241 446
246 350 442 253
173 149 458 382
373 261 197 145
601 352 291 249
603 362 593 479
266 580 379 48
572 365 33 518
281 515 440 95
86 174 3 249
31 552 89 235
514 302 504 430
97 542 124 450
299 291 215 415
525 208 424 167
296 397 504 453
391 54 130 327
476 301 238 598
237 344 322 594
180 171 143 531
136 571 167 481
315 444 455 201
137 591 395 313
69 142 460 414
205 239 47 210
266 88 477 578
503 56 94 239
6 245 586 58
100 600 577 70
570 582 45 259
234 37 496 33
576 513 10 242
164 230 600 191
397 559 246 289
305 294 113 86
462 497 111 42
283 178 265 68
556 243 278 370
540 235 522 615
411 38 221 323
74 307 513 512
210 320 204 19
39 72 417 33
190 362 435 463
175 54 265 12
255 246 234 577
262 140 106 58
547 227 289 602
469 480 335 43
361 40 375 350
207 38 193 576
119 587 509 573
438 595 567 424
499 388 275 283
313 309 409 427
128 8 374 387
238 482 123 273
91 48 488 4
584 397 300 125
411 278 380 400
438 352 329 60
403 48 230 601
543 118 490 7
400 164 84 127
205 487 215 609
49 59 226 32
404 128 111 346
406 408 49 208
519 80 212 185
90 456 210 279
135 515 508 127
119 5 338 464
173 208 307 83
583 39 439 359
152 465 441 511
45 172 436 5
482 574 331 486
423 332 19 74
326 34 416 246
316 353 104 600
259 230 465 205
147 17 220 478
183 110 290 96
421 348 536 49
195 106 213 292
377 285 271 574
209 224 585 459
406 458 293 145
414 311 265 402
191 253 450 185
149 63 214 247
43 187 440 427
528 236 403 159
35 590 495 583
583 17 422 66
386 62 169 52
17 134 164 386
210 302 345 120
379 384 284 542
317 74 127 197
379 340 170 411
447 225 173 408
447 7 549 79
459 58 178 360
553 279 511 468
576 173 375 535
194 161 254 582
468 274 427 252
444 265 610 199
146 248 619 367
46 367 536 310
126 379 492 42
416 266 557 34
473 40 552 246
392 387 299 320
525 93 100 81
382 170 297 413
48 497 154 283
190 85 147 31
167 147 47 85
531 351 469 267
426 130 434 363
73 373 158 10
331 476 440 558
570 4 161 126
382 266 235 453
613 345 338 348
175 600 465 163
5 571 608 607
485 606 442 101
233 577 299 603
376 236 401 333
504 83 399 141
406 427 524 284
318 241 326 183
150 513 86 461
137 499 284 262
471 289 539 334
497 86 565 410
537 469 128 564
100 304 593 567
135 350 153 384
188 351 612 223
331 0 579 357
375 373 82 307
165 530 19 418
40 590 108 558
477 446 36 479
388 423 397 400
495 589 127 354
381 613 357 141
99 486 0 404
524 349 471 251
606 560 172 614
237 547 504 120
454 557 519 77
295 539 528 402
544 222 289 254
550 514 412 336
192 378 224 157
319 261 590 251
109 126 237 139
75 504 312 289
388 151 364 222
101 3 180 521
469 427 208 350
120 365 147 613
295 229 456 331
174 370 518 371
606 363 522 43
94 327 86 393
298 493 77 295
404 519 480 404
371 559 166 509
605 564 471 4
424 436 299 16
285 555 128 115
510 34 511 321
346 525 515 103
193 620 120 16
267 518 408 21
185 88 30 90
494 405 162 377
91 449 129 223
452 609 518 618
360 617 403 55
336 364 448 423
296 42 323 465
21 436 267 74
355 284 125 248
495 364 226 119
31 487 583 486
613 237 112 350
364 98 546 526
300 374 59 307
75 32 169 545
424 568 20 273
333 509 539 221
421 176 177 98
288 354 447 389
208 421 439 130
378 502 282 559
509 207 396 134
12 552 335 525
361 99 594 353
251 371 516 37
205 463 577 188
37 113 292 411
46 606 618 532
354 517 413 515
83 106 408 105
471 447 520 610
164 539 228 497
121 474 68 467
460 29 417 363
84 504 135 454
293 596 381 9
23 601 329 492
352 499 419 286
510 204 311 349
18 314 85 560
284 586 529 84
365 471 512 115
546 350 324 202
395 261 171 186
142 222 448 545
387 564 140 281
619 434 419 268
71 271 123 180
239 249 473 503
398 525 269 524
551 603 189 401
289 54 90 604
39 601 123 113
12 512 345 36
176 365 216 200
18 168 543 296
358 92 497 389
194 421 246 267
234 469 155 387
442 305 211 32
61 326 220 88
499 75 113 411
45 292 261 97
612 264 587 99
377 68 256 396
259 272 387 432
391 505 6 21
342 276 324 524
536 408 43 357
602 341 410 171
69 250 454 363
378 523 59 98
280 489 546 572
230 452 606 458
283 492 467 375
0 419 434 532
27 334 260 185
63 563 526 155
559 354 257 424
144 383 280 90
584 520 609 223
176 238 490 515
191 440 129 444
585 603 167 571
86 429 392 550
293 407 2 483
225 560 45 16
552 259 616 410
139 131 297 199
89 408 273 552
1 306 209 542
522 112 295 377
353 407 326 523
524 207 303 488
582 522 369 506
145 175 540 512
51 53 426 461
162 472 353 44
132 506 158 283
373 261 219 588
421 528 191 362
133 31 480 266
265 430 317 576
561 441 164 585
233 276 477 86
266 168 356 526
4 184 175 85
347 151 270 306
450 85 459 325
66 193 394 445
164 438 496 468
244 11 233 242
600 28 282 437
605 82 177 368
158 130 480 17
174 478 469 79
73 555 371 239
534 45 447 216
193 461 552 558
566 536 433 615
587 332 480 108
177 38 160 229
355 101 580 264
371 42 486 248
51 106 472 327
352 29 538 366
35 202 232 7
567 74 595 434
140 432 121 542
351 104 238 608
491 507 457 145
546 162 572 457
453 549 589 234
166 501 217 72
359 338 326 63
16 281 370 475
504 191 342 156
134 91 512 428
100 331 352 208
455 146 221 156
256 286 16 27
298 363 608 472
256 57 342 528
538 561 403 417
598 553 185 481
473 486 414 252
433 423 51 366
117 308 466 547
12 73 240 117
292 241 524 210
376 413 614 162
324 332 261 418
575 529 52 497
37 176 511 42
328 29 134 516
72 212 417 414
21 10 118 509
257 165 215 506
465 94 125 137
117 168 450 14
148 543 201 419
16 424 68 261
23 493 381 268
424 21 502 104
273 558 23 340
172 304 568 44
162 204 274 539
448 569 283 16
190 11 560 249
563 377 67 81
339 145 539 616
270 500 335 181
406 529 427 556
444 260 159 165
577 10 409 336
522 402 314 73
54 454 19 398
370 0 411 22
171 122 290 307
442 67 16 157
537 562 444 277
518 421 611 230
314 370 517 433
108 597 200 617
338 503 131 462
85 529 294 188
523 25 457 618
578 510 515 358
386 481 116 157
500 550 477 128
375 81 267 332
168 186 41 420
259 439 561 166
331 162 248 413
255 432 36 477
161 102 106 518
310 549 107 520
328 392 267 161
83 567 124 90
340 349 353 504
547 127 273 536
19 221 297 390
30 555 261 156
264 582 492 174
185 403 39 599
182 24 25 0
141 571 213 91
319 44 42 506
46 417 618 191
373 41 9 227
417 469 229 179
186 583 95 352
182 365 268 257
28 497 496 383
142 554 363 274
242 362 45 174
591 40 236 30
37 565 12 419
121 492 49 454
416 62 506 311
19 583 240 459
230 259 376 8
5 170 570 93
359 238 477 456
229 224 160 586
5 534 50 600
13 479 27 364
472 334 252 5
318 429 425 163
345 498 617 461
303 217 373 545
80 377 503 38
356 472 578 299
87 395 266 134
294 123 390 576
267 221 177 327
13 601 571 413
434 497 180 511
82 47 325 136
105 78 249 510
381 610 35 198
463 581 200 282
92 312 61 297
110 355 452 89
99 212 581 583
508 70 245 53
559 474 61 602
300 511 21 336
612 361 5 14
373 166 215 154
411 445 304 502
391 44 577 479
249 507 162 23
303 546 26 139
289 506 44 60
428 53 362 55
69 318 373 367
360 512 589 41
465 258 288 161
32 378 256 528
54 397 329 358
521 359 342 238
614 165 283 552
442 402 158 369
280 241 569 410
86 196 285 180
71 197 219 96
472 482 580 91
104 95 61 128
264 491 599 324
531 54 56 502
95 223 614 31
31 71 487 245
567 6 503 206
414 17 132 44
336 576 378 613
463 614 440 569
210 249 46 225
246 598 235 604
43 511 490 356
550 310 338 377
93 129 23 451
389 24 81 88
80 574 129 486
413 120 468 470
548 135 304 580
136 170 119 563
200 132 40 468
508 390 44 378
52 37 130 61
36 30 276 346
578 524 334 89
306 27 179 440
352 139 20 375
8 474 443 515
609 565 439 222
248 239 581 615
454 5 298 153
187 348 284 576
248 211 593 92
476 79 444 473
419 395 144 296
167 594 364 610
396 27 65 327
457 246 551 223
508 537 383 389
434 143 262 255
38 281 488 176
457 463 582 79
18 306 130 65
258 543 337 188
424 240 486 203
271 185 511 374
27 126 160 236
598 445 57 555
477 10 569 18
279 345 78 300
134 419 548 436
152 382 564 494
460 471 86 124
60 572 279 205
293 56 340 482
521 150 120 574
214 474 189 43
498 570 271 447
394 30 555 53
353 181 71 471
289 247 426 58
394 481 421 0
21 25 216 392
576 202 429 365
284 362 350 544
456 76 519 154
455 355 8 254
464 133 382 158
59 246 382 602
602 438 149 304
342 437 30 398
25 362 386 607
378 484 400 43
393 87 577 504
232 97 255 481
438 12 118 546
320 168 570 36
458 32 211 192
54 576 326 298
526 77 468 187
49 528 476 490
451 593 503 34
104 357 510 577
584 116 31 306
151 609 234 148
423 437 98 142
465 72 316 234
557 425 167 245
491 78 147 480
565 10 606 146
423 80 449 567
303 558 479 464
236 158 594 257
546 71 349 28
73 367 167 38
427 63 551 435
157 179 117 320
330 469 569 143
593 223 78 333
17 314 338 324
230 480 599 337
460 32 169 446
277 440 593 211
352 424 72 566
77 361 425 495
515 200 204 546
414 49 519 319
502 561 507 45
105 49 144 188
529 584 151 551
104 328 42 545
503 592 40 27
409 352 352 193
197 502 115 40
538 288 344 424
20 88 620 43
329 193 554 540
244 318 179 347
452 593 276 522
257 506 120 386
527 522 92 185
412 381 196 442
418 564 565 256
364 517 340 218
143 155 337 302
558 37 504 408
254 372 343 276
410 65 238 524
11 175 606 180
208 292 300 450
26 393 444 167
587 179 460 169
496 170 21 430
278 227 306 530
317 380 41 482
33 578 504 502
108 82 539 593
50 547 533 361
566 141 34 306
269 597 460 55
486 234 28 361
390 588 594 442
234 259 244 190
196 361 454 190
306 606 187 64
503 549 151 357
430 276 509 173
178 506 474 115
21 53 471 256
159 532 277 610
434 60 587 350
510 519 334 313
313 389 348 20
388 400 260 350
588 574 404 191
236 203 186 367
485 28 80 99
276 620 102 212
543 371 256 144
100 283 174 24
124 524 540 342
71 60 464 287
327 110 305 336
563 297 465 257
400 553 547 383
282 276 370 267
44 374 360 506
588 397 233 457
377 104 431 595
400 235 197 282
407 325 226 66
307 64 582 25
101 282 119 342
565 253 39 335
441 339 434 151
71 244 231 88
346 84 493 566
457 508 458 171
328 85 40 14
44 520 26 608
428 563 416 213
615 536 426 65
466 288 439 487
542 318 582 221
218 154 367 563
130 612 293 81
525 276 481 409
89 168 74 56
396 38 147 101
8 22 395 43
378 264 440 303
39 365 148 76
326 303 596 115
461 511 418 495
369 173 366 278
111 592 332 121
169 0 412 489
369 570 237 277
320 482 320 284
537 491 234 601
139 102 469 522
603 175 610 440
52 520 296 291
125 392 111 45
63 442 373 209
166 257 140 286
469 440 571 5
9 157 335 76
477 89 330 301
507 414 187 343
172 292 301 74
442 191 479 513
579 165 497 391
181 351 564 254
458 233 614 284
225 603 481 61
226 228 202 32
266 565 289 304
213 552 421 504
538 422 166 116
483 123 144 279
542 395 95 518
266 118 469 252
514 249 64 235
420 175 439 59
605 99 45 571
141 406 4 164
565 336 256 294
220 300 511 283
62 545 292 75
516 78 170 469
376 261 602 456
456 242 257 390
557 164 179 207
590 237 359 335
601 164 142 88
326 116 267 467
472 294 37 98
323 63 560 465
56 445 76 99
221 308 543 304
601 339 81 554
40 435 543 349
309 35 185 547
531 532 222 220
434 45 74 6
514 94 195 360
519 192 169 411
561 513 310 203
294 149 177 269
512 205 425 14
524 246 473 66
583 68 141 204
539 295 287 213
375 578 117 348
264 294 347 510
284 495 576 593
38 39 242 587
119 510 325 402
370 489 33 251
341 0 608 43
303 548 473 434
70 400 281 198
198 112 207 613
305 71 272 48
75 34 210 468
482 603 510 367
620 467 161 597
100 352 0 469
487 288 132 432
458 17 168 457
310 403 556 347
419 503 284 108
132 67 182 6
326 300 280 548
207 305 408 61
28 318 402 421
300 558 602 283
171 445 122 142
44 279 332 6
579 419 109 460
159 592 412 493
44 460 14 251
531 582 66 265
503 597 203 65
515 96 181 14
127 262 485 334
317 420 318 337
614 72 592 163
212 303 267 539
584 509 438 369
189 477 466 12
533 480 497 525
196 387 461 32
40 110 82 206
51 169 223 558
268 281 343 115
601 216 544 283
585 605 208 112
544 88 513 408
145 501 273 409
461 436 356 183
369 235 222 591
235 577 389 168
213 103 580 240
573 593 447 291
252 591 423 216
298 138 317 87
462 420 568 341
195 554 98 363
309 515 193 593
311 382 467 522
78 63 92 178
434 128 476 347
234 439 296 401
278 483 410 488
251 609 419 325
417 371 97 208
428 156 531 558
41 382 541 516
369 14 335 345
276 338 487 18
387 358 399 49
457 309 604 58
339 613 432 286
569 423 497 382
296 583 434 608
389 312 32 178
79 0 254 3
153 406 175 585
133 253 472 565
235 355 242 342
555 437 32 3
43 429 310 178
610 480 34 194
148 615 365 240
15 595 547 247
284 503 399 518
117 97 392 511
32 450 120 560
605 435 206 607
529 308 204 1
123 98 250 17
134 560 0 515
420 185 500 24
142 119 143 258
451 147 212 530
365 190 477 92
226 613 23 535
530 602 614 564
43 373 297 497
294 615 36 4
547 555 620 594
100 165 506 117
346 403 185 618
373 387 8 297
70 267 127 324
220 359 482 517
579 399 354 236
362 215 481 148
390 18 385 442
440 352 173 382
290 486 583 128
17 328 585 493
520 376 357 561
236 473 173 329
475 41 145 379
308 132 349 74
277 485 428 194
34 112 396 53
12 295 372 30
54 202 402 533
360 257 334 353
58 524 346 460
256 486 328 88
132 65 401 564
78 372 561 260
51 136 374 131
544 619 471 600
48 399 217 127
323 185 252 247
382 245 319 133
366 48 0 32
555 586 389 104
26 376 378 531
73 194 530 28
15 491 504 558
583 249 508 482
448 194 381 16
437 389 354 442
221 243 532 192
402 483 607 210
313 335 101 493
262 116 57 26
377 548 545 414
470 486 430 581
386 594 354 185
311 41 215 586
68 529 321 152
59 424 353 260
571 63 55 115
136 451 574 220
547 299 507 81
502 134 533 49
166 568 493 219
527 532 479 76
604 616 541 440
614 536 116 289
340 54 199 250
173 257 397 151
33 375 452 569
65 275 8 95
215 111 188 24
204 81 0 253
309 234 89 127
288 13 425 493
472 367 612 379
144 363 552 397
471 475 32 115
175 323 124 522
448 344 382 333
488 52 445 278
304 585 312 46
279 226 142 385
503 188 5 609
143 133 563 124
273 560 417 359
521 550 253 11
12 179 598 475
530 418 344 218
201 152 214 443
187 177 371 171
117 313 215 591
372 487 450 437
541 85 493 619
599 297 59 74
246 424 83 332
213 355 431 267
461 42 526 489
31 267 345 262
338 80 298 101
192 30 149 525
243 201 482 331
131 250 93 564
264 69 192 295
48 350 190 330
451 247 502 117
210 431 514 256
266 145 328 68
191 418 516 236
420 505 498 133
196 220 360 291
166 369 47 435
63 571 507 544
395 528 606 154
365 119 212 324
541 181 91 222
396 519 454 172
115 403 499 559
509 390 280 50
344 310 407 539
589 557 148 411
599 7 250 408
568 317 352 565
372 498 314 251
192 468 242 336
305 79 583 286
422 44 324 511
85 348 311 373
89 487 571 42
342 440 321 193
341 6 533 150
28 234 151 434
583 322 344 208
148 158 580 463
322 482 436 359
579 52 575 218
466 119 35 129
247 401 52 94
413 147 147 142
354 578 189 1
80 515 571 9
110 393 619 93
66 427 514 471
260 519 394 368
94 485 35 127
223 53 85 50
572 32 178 55
88 212 128 486
420 198 88 586
169 225 17 117
12 408 226 449
605 129 304 473
373 286 464 554
444 148 434 276
381 194 268 207
539 82 355 25
19 540 31 84
350 368 171 75
340 585 47 358
57 104 47 200
508 210 539 56
0 2 289 123
458 220 282 575
345 467 317 445
0 184 388 197
121 282 111 77
209 483 545 396
567 552 178 156
168 605 156 107
238 413 403 212
230 333 372 186
483 343 528 363
402 540 580 270
498 273 404 185
99 38 543 300
98 26 482 225
291 308 600 414
520 57 615 523
318 359 450 262
84 478 287 443
525 277 148 258
353 134 14 114
25 89 144 167
317 463 27 111
64 203 34 371
99 260 219 475
546 208 203 269
440 169 496 49
489 226 428 508
387 435 346 523
293 271 507 347
61 513 511 508
312 202 102 328
163 142 395 290
567 44 527 457
505 81 82 309
496 77 91 126
391 170 187 548
467 100 418 378
614 219 533 543
72 284 34 615
352 122 229 341
381 553 269 0
370 440 96 308
102 290 434 224
232 102 500 35
267 489 295 483
75 159 14 518
592 462 596 552
302 193 619 462
282 25 34 464
273 572 407 272
297 370 239 122
203 245 563 518
235 463 249 50
271 316 233 228
559 271 553 592
34 340 17 554
18 527 308 431
597 287 307 314
248 326 405 288
507 524 529 447
211 189 11 613
264 444 227 214
528 387 71 513
86 141 343 299
117 13 537 307
285 55 318 456
446 593 0 301
64 500 310 348
388 310 16 546
77 69 295 176
473 323 42 430
503 432 257 431
340 326 126 95
487 98 36 390
308 618 458 424
515 511 397 577
113 81 60 592
125 124 514 131
610 388 408 131
149 250 58 512
378 17 82 498
469 525 610 540
194 374 128 69
547 277 544 168
557 24 56 444
393 488 243 495
301 204 1 417
463 558 252 447
194 282 461 60
42 15 267 533
489 404 556 222
472 263 331 93
3 382 280 13
319 273 289 31
356 91 240 280
30 338 410 64
312 579 131 182
532 572 260 268
224 485 302 390
112 358 370 32
564 494 609 576
309 333 114 241
324 383 104 402
548 419 319 191
381 61 123 377
352 489 419 360
49 190 336 295
571 425 154 16
608 458 396 60
182 412 514 169
191 124 39 507
158 465 592 467
575 302 107 73
344 105 535 386
312 114 24 281
434 514 251 234
265 288 378 283
213 306 323 481
612 298 164 12
189 614 31 571
216 600 228 151
320 90 90 448
122 441 456 53
553 292 177 5
405 189 171 161
482 102 145 190
268 82 149 449
132 28 339 84
619 515 603 33
137 48 360 388
586 5 373 93
113 324 279 461
99 279 569 458
155 235 319 419
271 244 153 86
135 235 559 145
440 127 537 16
283 164 305 613
266 306 316 133
16 318 442 22
341 312 482 582
74 270 540 64
84 433 0 185
218 69 310 507
320 257 84 101
451 350 143 320
130 214 355 71
444 337 130 50
581 305 491 238
387 234 581 534
271 306 570 517
232 26 398 135
325 171 484 473
322 281 165 334
449 581 551 86
235 38 257 421
398 560 301 152
198 587 236 552
80 404 227 2
48 272 12 421
411 525 114 42
535 213 150 413
260 6 36 347
492 415 14 557
103 547 315 536
586 181 382 261
264 174 225 122
340 34 188 601
109 529 192 74
201 156 446 456
563 469 231 58
72 251 16 169
581 162 396 182
232 485 131 543
265 322 123 230
464 545 142 561
541 75 194 305
88 504 488 143
75 102 289 441
597 258 179 313
468 433 362 563
302 366 362 77
337 522 178 344
105 230 364 129
304 136 346 529
417 22 183 384
337 240 150 253
132 314 407 371
257 188 370 524
506 617 123 33
154 165 161 576
251 572 279 463
619 25 114 234
447 132 306 586
426 124 472 506
92 571 547 337
140 27 349 253
181 170 420 489
526 324 430 168
221 223 202 426
89 572 318 190
503 398 322 490
494 598 474 11
58 331 546 151
206 237 468 431
178 0 74 447
454 50 18 0
198 170 479 254
92 291 189 216
226 274 73 620
257 95 238 241
330 284 523 344
277 112 231 138
116 387 265 69
214 165 231 403
483 77 419 607
136 431 388 489
348 611 160 76
339 366 579 127
281 379 20 197
258 51 219 129
286 112 115 237
332 27 537 543
121 32 125 426
281 543 173 330
17 146 338 21
590 618 456 73
75 551 177 579
497 207 455 483
429 413 474 325
471 484 60 172
25 397 549 376
537 351 52 368
150 400 365 442
561 374 17 295
360 504 547 212
374 393 171 326
420 435 541 378
215 28 503 118
421 433 577 558
285 419 520 422
286 393 95 181
329 77 191 36
503 558 1 619
499 259 186 606
207 620 114 117
15 470 25 84
613 142 416 139
156 265 103 133
14 221 175 560
382 155 338 64
114 440 610 229
217 237 401 594
168 570 286 5
98 533 538 133
544 186 501 212
406 326 66 246
419 521 517 59
482 383 140 280
85 529 549 250
5 350 20 461
114 592 147 96
188 375 124 491
72 277 45 518
138 226 332 454
343 159 83 283
476 321 564 85
304 297 198 267
607 39 338 192
264 226 151 447
564 313 577 364
539 24 264 292
442 546 533 288
119 554 404 283
277 54 548 145
19 295 349 27
251 541 563 237
577 225 449 251
152 538 296 228
35 23 127 478
304 262 573 86
128 131 313 493
601 597 435 528
379 165 232 46
261 218 471 138
146 396 191 209
429 57 207 131
423 557 136 558
389 573 76 147
458 61 428 202
5 154 557 588
328 327 379 508
207 284 466 574
91 274 35 604
225 442 485 260
301 15 65 417
4 40 176 506
331 54 22 64
522 212 343 108
285 213 137 82
211 132 378 8
128 24 377 613
582 206 331 172
208 403 581 469
460 529 67 490
254 428 533 285
158 327 55 548
369 191 43 209
502 37 91 411
168 31 547 250
93 260 331 141
185 110 507 119
185 188 543 425
166 2 419 466
355 227 26 217
231 486 413 219
90 197 613 497
434 181 87 347
600 257 386 422
566 608 165 286
601 68 179 47
92 349 52 407
151 106 530 257
412 335 224 362
454 342 307 120
477 106 453 399
415 506 344 275
301 317 401 152
600 518 165 525
457 198 105 443
196 106 411 541
106 141 413 141
316 501 73 205
157 541 566 534
612 48 562 554
354 439 169 203
78 339 267 124
84 447 286 348
381 103 524 487
150 564 249 427
168 426 382 234
229 348 177 108
178 599 392 369
560 67 293 191
225 319 307 319
73 264 612 531
401 242 249 459
251 416 265 226
296 347 148 543
240 442 456 604
314 120 218 21
2 211 598 326
595 374 598 280
599 332 587 302
22 168 582 340
372 80 246 369
168 511 491 151
588 49 403 467
338 74 239 159
338 305 407 472
341 330 610 411
176 142 606 83
124 508 432 447
87 332 316 397
435 282 295 285
581 284 50 502
168 585 471 300
523 446 398 614
428 207 111 590
33 602 531 200
251 25 410 358
239 423 347 16
36 537 143 491
464 524 248 610
298 115 379 355
306 79 7 183
353 232 485 315
194 357 52 0
266 254 167 610
312 395 609 371
131 131 510 358
154 319 51 47
483 499 210 170
146 431 474 239
1 149 614 300
36 124 517 183
474 292 425 370
522 589 102 130
127 132 261 380
358 564 362 228
386 31 285 191
72 536 366 22
234 220 94 443
407 194 311 122
99 386 570 575
139 200 555 54
546 22 87 169
562 126 463 86
98 194 517 292
504 352 184 580
411 412 336 8
563 263 229 160
168 89 404 301
287 58 424 496
284 351 399 172
8 2 607 218
344 162 267 181
296 198 574 282
511 584 447 431
119 354 458 44
413 234 152 164
309 347 341 145
561 429 40 269
191 338 81 245
212 245 84 429
358 283 573 211
543 490 347 97
434 287 616 425
455 52 90 491
431 586 280 423
237 436 150 596
71 468 437 285
463 492 281 26
608 186 574 584
327 72 574 513
398 508 609 352
184 494 558 283
75 474 155 351
596 41 239 381
306 323 267 115
32 114 34 151
600 277 246 353
430 38 550 542
387 345 181 498
364 354 22 481
357 370 6 63
118 92 219 125
106 578 205 392
477 169 400 346
319 405 25 515
183 614 113 524
570 38 568 354
422 155 462 481
