1600
54 514 421 601
403 412 59 113
430 583 132 101
520 133 501 528
156 117 538 304
40 70 490 105
463 280 562 443
345 141 221 286
200 480 286 574
393 3 114 29
322 589 362 563
598 532 199 389
41 365 447 578
78 459 73 20
512 446 455 15
361 208 11 499
575 341 174 141
593 546 246 267
254 478 94 214
363 2 303 272
448 111 225 395
557 328 252 115
522 305 66 300
505 100 136 84
34 551 181 333
37 337 549 546
584 76 28 229
583 75 544 454
606 34 261 510
149 6 468 54
379 376 400 341
483 337 614 32
331 609 501 226
354 64 220 327
596 240 136 238
24 356 440 259
594 557 31 489
238 303 528 417
37 596 221 542
429 55 589 474
37 583 1 343
354 380 369 502
12 389 165 342
275 37 429 539
490 392 510 400
518 98 478 76
191 613 48 247
498 514 158 368
82 260 306 302
516 610 499 120
372 58 62 329
380 459 70 253
228 5 508 112
409 248 156 167
538 28 184 88
324 440 175 433
232 64 455 54
365 272 55 362
573 25 459 131
31 121 272 92
599 201 429 596
515 485 120 616
600 600 289 201
240 474 183 616
99 511 158 13
441 157 575 398
538 118 83 168
374 481 213 451
177 457 326 510
597 268 564 580
7 401 166 362
514 560 443 380
116 372 495 100
129 369 5 402
92 264 362 424
350 588 366 14
470 40 170 113
31 41 348 338
264 222 106 38
234 48 12 208
130 237 411 248
254 127 115 163
279 570 581 73
84 589 84 214
236 43 504 590
249 19 477 500
580 317 426 588
479 64 80 271
557 173 398 536
40 323 355 465
7 322 246 276
222 152 371 373
46 273 248 413
380 9 154 560
171 604 108 415
317 263 420 155
550 577 154 215
61 315 86 479
375 132 200 284
14 99 344 353
483 620 412 129
558 504 272 104
78 307 7 587
438 589 585 261
524 414 375 37
27 604 70 273
597 61 247 8
71 228 213 561
541 386 184 525
497 156 114 446
50 312 30 26
92 195 561 552
556 547 15 145
96 588 549 90
406 8 338 337
582 434 521 451
147 578 435 521
494 383 433 583
171 567 369 80
331 48 130 210
112 27 155 230
573 481 505 532
237 329 466 203
618 173 619 206
267 153 15 162
400 398 317 371
513 587 358 147
253 304 107 179
44 612 558 115
327 168 1 277
39 397 154 497
185 347 268 370
198 395 98 56
193 542 164 141
363 135 348 3
231 333 531 485
158 404 157 184
218 284 324 327
490 409 257 382
301 454 239 149
127 108 362 501
285 194 58 275
47 584 393 598
199 215 556 558
466 327 32 552
587 549 241 505
306 574 155 559
488 238 188 54
468 173 395 507
542 134 518 54
316 21 613 178
110 236 3 87
499 500 289 590
320 238 101 608
411 393 334 558
153 574 161 268
147 82 168 601
469 505 230 119
355 498 153 493
128 485 547 67
186 513 11 177
272 420 547 184
461 19 538 379
513 140 445 485
286 329 244 54
31 210 243 274
579 0 500 530
503 314 188 181
197 36 217 303
353 91 277 178
163 454 520 520
44 22 13 257
428 209 12 388
48 573 201 603
306 196 94 290
414 206 367 176
388 67 225 85
336 493 226 66
419 394 586 1
385 281 620 417
514 214 54 335
527 369 353 362
230 590 520 529
82 359 249 505
155 131 486 110
606 231 206 266
45 292 384 330
616 100 345 332
515 599 201 107
104 407 382 268
156 481 213 408
593 522 432 226
161 331 209 444
397 125 435 215
10 173 81 531
277 89 423 524
259 7 616 566
14 210 443 291
600 386 112 476
209 488 575 172
379 159 585 587
495 130 411 470
82 113 51 424
106 520 146 232
441 20 222 344
246 335 576 527
459 43 604 445
482 595 601 159
264 481 319 26
620 425 298 512
580 23 601 344
14 566 145 517
249 240 301 551
313 429 563 38
500 375 414 582
235 561 272 62
269 151 410 252
205 218 185 391
506 236 141 221
18 388 21 176
307 608 205 93
177 583 27 238
281 323 580 64
79 278 474 520
134 502 36 440
259 112 515 108
24 49 212 277
350 182 279 154
397 270 526 442
156 477 40 26
278 603 287 161
431 91 289 75
410 22 611 499
415 117 99 35
560 65 369 54
304 552 592 525
511 542 53 290
277 311 14 275
390 178 515 197
244 86 561 346
388 293 463 241
373 250 398 353
221 605 16 595
615 575 477 391
251 84 265 411
233 416 583 609
533 189 373 368
533 319 553 170
112 561 457 477
241 335 372 422
431 151 10 527
332 329 124 323
512 516 170 206
315 571 610 438
130 216 470 59
538 294 561 136
48 115 324 191
130 390 378 413
566 136 136 542
156 499 198 326
477 415 517 76
586 386 129 337
245 520 507 73
290 499 398 398
185 143 94 200
394 326 362 137
344 491 403 166
241 18 550 242
291 586 418 173
610 523 611 30
368 40 475 234
16 284 152 63
269 418 147 423
249 266 304 182
521 270 101 182
154 183 609 308
178 369 515 544
230 81 402 516
531 123 136 128
101 174 511 467
254 56 220 4
571 485 584 216
530 204 76 99
195 221 455 398
168 87 493 92
534 538 134 355
591 193 252 423
345 342 142 16
203 181 362 42
126 50 581 589
115 157 141 257
441 569 105 232
249 179 227 509
541 614 485 336
442 337 600 323
566 491 566 69
451 56 580 401
160 254 77 212
350 111 6 421
131 236 366 206
495 72 110 187
296 406 224 406
286 290 553 617
0 7 243 372
607 460 139 251
61 526 28 270
556 24 608 303
620 377 67 267
473 99 560 344
489 466 550 406
402 178 327 274
330 225 389 397
538 56 515 365
63 485 124 254
215 204 555 422
103 482 30 111
249 59 175 519
252 333 60 161
25 43 181 565
465 139 437 387
302 325 602 549
563 587 430 233
174 156 446 431
173 470 371 44
61 308 467 250
126 172 559 540
459 99 575 417
350 9 240 493
341 126 505 370
375 534 85 332
243 32 554 415
303 95 524 108
279 460 194 417
33 154 479 86
465 434 317 480
203 430 559 135
501 62 148 591
148 246 174 236
250 558 208 555
169 299 58 127
208 241 458 465
513 48 552 121
12 373 565 386
393 448 522 264
411 310 375 117
56 8 450 522
352 481 597 287
63 119 249 605
155 609 310 156
515 243 129 185
313 361 307 498
614 256 349 215
618 203 406 84
241 505 558 591
218 240 209 47
301 456 247 36
255 530 344 590
157 453 503 97
316 188 243 247
9 64 26 611
118 477 593 142
552 327 572 485
581 528 117 488
3 191 101 244
449 207 29 425
255 614 193 258
199 438 564 70
454 408 297 287
549 315 293 246
191 103 370 8
600 388 140 341
444 195 601 474
345 68 506 408
230 510 521 571
371 139 154 117
445 449 193 376
304 20 468 565
316 398 608 99
319 325 106 110
470 204 558 211
461 159 312 330
609 272 123 376
446 190 8 384
493 390 108 142
394 524 115 9
540 608 611 102
593 118 59 185
51 475 439 152
456 130 546 331
130 220 453 255
259 82 275 414
201 103 603 315
73 387 438 374
109 318 208 270
63 303 394 509
326 608 454 315
141 382 297 28
240 102 598 335
383 138 313 506
577 25 332 511
431 199 136 218
379 313 572 506
92 552 455 34
146 398 237 402
38 282 99 368
285 203 175 15
596 305 223 2
103 129 565 102
566 51 581 353
319 263 85 387
534 300 64 355
338 210 500 192
596 272 457 292
312 474 232 283
556 434 327 302
588 103 508 268
310 489 508 42
86 96 167 410
540 450 206 89
236 178 510 292
329 203 184 373
558 319 350 287
21 193 134 449
614 507 539 214
86 34 275 418
551 209 502 581
523 399 532 64
295 31 602 343
163 398 354 479
59 615 294 333
187 44 266 585
413 495 183 257
102 403 542 569
143 610 555 172
1 393 76 365
528 618 90 157
77 441 443 503
542 490 166 246
118 435 516 424
425 474 123 9
340 400 597 313
135 47 347 576
484 399 437 172
54 502 223 11
75 444 78 87
311 425 10 586
521 36 53 311
484 616 559 364
346 271 310 495
617 10 412 479
564 435 371 340
219 83 510 455
264 550 185 422
38 315 182 262
258 127 560 298
358 146 419 118
333 238 168 241
24 83 174 106
548 257 92 126
515 553 319 233
449 370 109 594
83 346 358 167
106 439 529 383
409 242 466 252
96 398 303 454
273 189 522 223
199 379 20 236
249 566 342 310
167 230 197 605
507 446 196 139
535 282 589 305
508 596 312 586
189 348 446 43
49 102 158 568
35 438 487 36
592 28 419 264
406 226 83 465
400 571 480 276
308 473 45 324
41 472 125 496
584 268 344 72
72 517 517 273
125 73 22 304
47 339 366 66
155 393 439 221
241 574 450 152
218 212 12 458
558 547 508 501
577 319 326 141
356 595 279 237
94 354 391 288
120 423 371 272
536 291 121 60
262 439 503 36
39 604 599 510
352 32 537 378
85 565 220 367
301 487 398 415
350 103 564 463
286 311 177 92
489 116 284 320
311 208 530 99
426 595 312 396
374 127 359 53
136 335 479 428
364 562 22 238
424 490 261 407
208 92 232 208
378 291 18 442
265 391 591 618
23 90 292 293
404 17 345 201
219 112 110 172
509 315 48 246
364 301 209 422
301 61 77 292
288 374 327 450
165 378 589 136
615 351 240 80
239 599 405 264
291 220 265 198
278 455 53 525
146 191 329 128
231 417 62 492
611 344 272 379
357 170 399 312
111 64 492 292
404 400 54 166
347 46 538 83
359 562 194 538
608 577 231 604
138 583 278 418
507 50 610 169
604 326 531 205
94 295 314 391
71 145 595 352
410 101 389 508
149 177 463 355
615 308 24 521
531 400 421 600
101 122 215 273
80 572 335 430
578 129 307 534
180 246 441 250
78 529 182 279
557 348 355 580
0 274 264 507
500 226 171 580
568 563 383 435
417 615 325 337
619 273 601 162
187 272 334 336
32 82 416 480
103 83 491 312
12 242 479 83
506 202 94 351
397 429 114 253
193 379 44 238
324 75 255 618
254 460 418 175
539 213 398 149
405 73 531 617
377 225 29 552
249 225 484 68
480 530 68 20
233 261 95 551
35 487 615 223
379 585 374 353
316 553 156 360
356 543 501 543
67 354 48 295
339 474 499 412
332 366 180 427
401 333 453 222
521 420 545 16
271 321 67 291
216 252 513 22
14 284 240 306
9 235 613 577
102 533 66 195
593 213 131 15
529 80 303 275
223 302 237 321
417 618 427 215
495 377 42 484
330 563 19 344
597 72 331 358
46 41 272 571
46 164 7 600
506 485 166 563
174 520 510 442
35 447 5 530
346 374 506 316
0 342 10 35
432 66 388 285
169 330 391 102
466 140 614 365
241 574 465 16
134 276 184 74
525 498 292 251
554 487 328 360
161 221 469 610
469 310 25 67
17 344 458 518
475 311 67 434
14 592 90 365
142 611 470 49
429 474 174 31
208 206 309 148
404 256 314 546
458 574 260 437
111 474 33 222
191 158 546 258
2 201 187 556
130 428 155 367
29 497 325 177
306 210 88 402
321 423 290 85
427 242 596 32
106 379 302 114
60 123 166 34
336 437 470 582
426 17 186 487
107 539 251 617
171 426 299 151
404 613 64 545
11 165 476 362
170 440 8 361
27 171 214 598
306 115 541 596
367 16 131 157
45 14 563 18
422 14 386 245
102 350 88 297
232 256 22 177
427 504 323 160
529 533 201 479
612 388 595 297
332 212 337 545
218 394 430 163
602 326 24 164
126 571 387 173
187 205 13 219
142 405 358 150
30 371 25 277
76 190 231 203
0 225 142 478
71 450 412 175
466 184 199 396
107 345 101 207
548 338 322 253
0 262 194 506
150 160 65 602
450 2 477 184
202 181 474 96
409 42 90 445
287 226 171 520
396 205 203 37
166 102 230 219
234 95 575 346
170 587 481 297
519 454 330 238
23 550 174 27
131 3 51 287
520 469 287 568
557 342 510 268
259 502 487 402
456 371 438 75
126 520 216 158
289 239 187 494
57 42 141 333
607 67 351 116
551 519 55 223
145 115 294 471
531 253 594 537
190 62 236 328
284 318 89 518
308 386 589 407
590 217 386 40
27 194 617 83
135 270 560 552
449 570 462 447
485 181 609 89
187 383 477 263
448 482 172 296
512 139 447 520
25 615 218 68
596 553 494 401
345 167 481 310
577 582 605 138
183 87 574 112
358 251 145 350
263 432 180 193
218 607 432 491
333 454 207 360
42 263 499 65
495 128 176 243
331 65 564 221
248 115 356 163
186 449 492 162
317 386 411 208
284 96 115 407
237 545 266 8
403 513 161 42
172 610 467 472
400 155 205 130
356 500 272 346
59 504 341 58
528 590 82 544
583 288 606 146
556 540 386 470
266 166 378 220
129 200 582 501
577 84 235 21
417 556 541 54
440 317 451 586
13 249 278 460
193 359 145 36
506 160 243 459
373 66 105 166
289 372 143 568
272 276 31 4
209 546 410 18
289 399 517 518
98 269 455 42
437 308 504 193
204 144 296 159
216 466 539 612
23 598 279 221
316 167 86 53
381 288 45 73
507 160 338 509
234 290 618 154
149 569 242 191
56 582 292 133
162 314 178 475
548 278 435 410
562 35 445 377
603 23 501 393
530 122 218 381
60 102 591 178
533 585 394 154
67 536 605 142
562 18 395 379
67 408 483 392
260 492 11 197
141 223 276 69
469 17 600 300
86 408 14 365
514 7 591 615
116 17 123 255
206 482 403 529
95 382 543 125
230 98 507 70
371 381 411 376
15 92 77 89
327 227 122 590
29 379 66 50
377 251 465 36
291 320 364 514
429 69 482 334
44 104 83 562
481 570 339 443
563 104 262 424
464 410 252 603
435 180 153 189
416 221 428 36
157 376 526 528
539 573 429 446
541 154 597 555
171 404 260 576
543 101 105 156
183 332 414 484
118 146 530 524
545 99 185 261
83 406 266 445
433 446 334 281
276 71 374 618
558 200 207 294
260 347 381 144
497 356 389 134
351 88 49 97
480 162 489 561
57 453 502 200
132 184 234 503
110 235 535 450
272 86 494 566
442 428 468 258
231 606 536 313
162 313 498 167
345 578 337 192
41 204 133 269
82 369 593 493
304 264 100 90
305 398 169 85
599 343 56 67
305 4 104 594
219 541 490 146
251 370 301 334
576 565 438 305
102 423 406 287
382 19 341 24
452 189 528 162
292 496 415 559
412 421 378 10
190 270 296 492
286 394 368 73
223 569 267 91
292 31 586 492
277 89 537 108
586 89 591 479
537 4 175 542
51 280 44 500
182 184 481 597
570 426 344 422
542 115 400 441
559 410 415 99
344 312 297 596
294 408 164 350
184 484 228 80
255 114 538 619
493 183 375 190
35 318 130 312
462 473 434 335
358 177 439 423
347 205 598 278
147 356 380 162
124 245 37 566
239 284 22 520
199 598 551 362
445 306 35 54
364 289 286 472
263 7 421 542
440 29 352 509
23 68 611 174
517 43 443 279
548 352 461 523
9 452 228 50
31 165 263 599
23 314 335 321
402 445 438 103
535 127 309 178
155 563 552 364
275 379 20 517
44 159 369 273
319 48 132 449
296 313 521 541
346 157 401 51
236 399 69 181
140 427 371 564
71 199 499 242
251 124 159 52
164 415 290 30
566 415 169 322
542 309 263 358
286 568 590 594
393 85 220 366
153 201 277 342
308 282 453 259
620 375 434 362
489 321 349 337
70 15 576 312
52 249 288 138
543 471 118 49
456 578 135 565
552 519 101 242
132 282 502 615
34 610 42 570
128 92 111 21
344 195 139 293
51 217 259 219
435 210 486 32
142 402 249 302
577 599 390 475
390 610 138 498
520 381 158 335
585 315 18 258
0 339 68 164
23 24 253 505
189 599 159 193
163 148 392 117
507 504 440 159
594 478 464 373
167 78 439 200
599 191 224 483
29 179 93 395
38 51 130 318
279 8 176 241
514 38 152 498
619 352 199 258
50 101 238 447
500 10 275 275
61 491 616 193
617 268 193 610
110 406 374 291
489 228 565 305
445 578 337 445
102 3 469 302
462 529 320 294
77 249 594 465
119 170 363 90
167 346 225 10
75 141 166 475
258 526 243 608
179 248 170 571
115 370 426 167
12 318 492 9
24 77 100 356
526 571 538 337
308 77 477 332
563 183 499 454
122 306 38 211
230 300 281 601
439 477 586 202
383 12 446 117
593 201 393 534
324 183 548 450
233 25 464 249
425 159 241 544
476 164 585 53
290 213 416 512
514 448 105 231
164 119 550 152
216 555 468 295
65 123 330 296
514 536 267 0
411 601 524 81
405 132 370 437
128 127 157 113
391 94 190 613
506 579 496 43
185 403 20 321
432 582 50 147
504 220 357 90
99 32 541 384
231 513 583 419
497 126 307 459
392 180 420 358
289 578 17 194
410 29 361 544
491 394 520 33
36 415 105 472
210 297 433 563
112 285 578 607
351 339 388 89
43 442 206 614
406 51 600 380
211 226 112 596
367 326 382 584
480 593 589 532
216 585 300 357
271 336 157 83
584 266 314 86
0 227 103 330
336 94 153 309
611 404 253 611
273 377 115 558
531 615 53 204
100 301 303 489
328 32 59 441
13 10 60 205
483 348 455 518
13 579 564 14
128 450 543 611
281 542 128 260
588 561 413 372
133 315 100 483
225 570 443 560
288 495 51 600
590 138 451 442
228 6 553 409
103 10 162 342
555 196 373 601
214 123 182 510
90 549 602 295
224 103 497 8
163 236 59 145
464 525 523 123
241 456 408 566
81 284 571 401
5 155 110 327
101 336 168 180
77 300 357 503
35 518 593 30
401 336 486 612
54 291 416 374
209 315 514 49
446 81 84 130
593 133 452 527
157 483 613 104
238 209 41 476
496 562 2 422
432 128 614 80
25 129 93 96
128 151 391 28
65 411 504 413
279 472 42 142
110 383 107 20
32 200 500 237
74 163 30 161
411 279 292 300
603 237 499 495
38 362 289 181
139 172 109 588
136 157 451 187
92 510 9 76
28 104 470 2
379 32 395 607
449 59 89 306
213 0 323 103
405 8 1 62
167 574 64 217
59 384 491 421
409 100 520 108
99 479 85 542
45 342 232 273
238 304 232 450
620 201 81 183
416 359 27 569
205 429 161 145
38 143 11 89
243 252 511 507
227 398 102 492
19 295 589 125
237 188 362 476
415 148 427 35
310 538 617 416
333 436 570 603
489 179 607 153
11 566 459 535
106 230 287 369
146 196 436 600
128 382 362 277
186 271 24 118
88 589 307 148
336 459 537 329
21 193 571 407
474 323 290 259
234 186 230 141
41 249 173 405
529 497 23 382
62 184 247 574
271 494 301 553
80 99 189 449
291 67 154 302
447 259 426 203
547 618 94 427
511 183 193 160
8 295 288 288
374 392 108 276
403 150 246 37
131 262 175 183
100 210 481 553
93 495 421 320
316 111 8 92
526 214 215 273
133 66 614 409
574 584 426 0
499 587 113 344
125 606 442 322
608 545 498 265
198 270 209 429
302 596 576 393
406 301 182 186
141 601 371 388
183 505 556 416
60 63 403 297
265 358 59 493
143 578 283 93
395 244 564 322
485 96 549 371
208 452 570 550
309 408 335 225
146 122 462 122
338 39 378 245
330 601 485 416
133 253 520 526
370 615 519 4
395 235 45 159
578 99 474 11
38 98 490 94
367 154 86 181
148 63 437 23
459 442 165 202
137 498 22 232
385 201 264 596
281 36 128 378
418 375 572 16
155 288 225 314
582 123 28 179
389 59 568 296
22 539 563 77
159 480 207 249
329 431 2 351
470 233 511 98
103 130 96 341
528 465 339 60
36 220 587 335
499 66 432 613
42 451 245 242
162 223 373 482
80 495 121 276
49 480 467 541
108 73 326 363
500 398 346 496
290 315 280 6
100 396 273 52
551 302 16 445
91 309 303 556
469 594 264 447
398 223 199 433
390 306 410 449
40 52 45 254
318 588 385 169
358 505 303 331
500 493 247 221
495 482 302 525
397 572 228 458
199 501 167 79
388 196 490 411
200 309 353 176
382 59 214 25
501 366 25 570
309 162 449 239
530 362 353 306
385 42 163 89
242 617 321 228
488 560 336 158
579 44 180 292
447 569 495 497
231 80 234 430
450 180 483 610
263 145 265 136
404 83 59 564
446 167 615 564
598 68 379 176
424 508 125 475
100 157 579 158
197 415 563 515
288 253 187 435
122 425 197 260
544 613 360 222
14 24 32 48
235 252 528 152
176 361 249 590
601 5 310 198
297 251 338 30
222 143 385 342
380 106 299 479
607 440 472 250
370 551 267 546
86 377 165 541
581 270 569 221
332 612 102 233
271 451 275 499
600 431 325 334
68 560 169 515
253 317 558 459
8 309 399 312
12 353 308 226
62 254 161 527
300 360 29 387
285 27 180 612
490 399 215 523
495 575 379 324
538 40 9 24
602 178 226 282
571 528 314 40
247 11 411 369
451 196 85 20
442 353 310 580
97 229 232 196
358 54 545 302
267 179 341 293
322 157 490 546
315 241 367 468
329 416 356 564
458 501 359 620
131 479 178 564
152 53 41 102
516 192 137 53
287 23 357 213
529 200 102 490
323 17 314 98
411 75 13 98
15 104 582 354
569 443 324 134
489 116 383 319
519 434 55 577
391 392 283 292
222 28 280 30
104 40 412 465
25 405 165 113
310 393 615 512
507 599 194 181
238 506 513 352
218 591 530 234
55 247 354 10
9 537 302 368
276 74 155 173
607 480 90 73
316 327 390 363
244 155 80 496
187 525 449 204
91 108 348 16
217 332 42 217
375 76 593 0
306 287 158 484
28 262 275 259
588 181 95 220
516 161 51 366
295 469 534 420
252 493 18 27
584 231 232 184
212 616 184 332
188 485 373 289
411 604 113 78
420 166 471 435
179 452 63 160
553 5 382 4
566 585 384 440
476 392 310 248
302 573 222 29
427 394 241 98
314 613 540 299
94 618 75 490
266 255 459 203
288 77 347 31
388 586 229 2
48 562 345 497
165 89 469 309
488 458 454 568
360 399 304 159
358 458 609 238
208 252 398 376
332 34 339 120
261 79 389 119
42 344 396 112
480 85 269 125
389 536 188 327
222 486 316 467
583 52 317 260
147 72 463 418
290 156 239 474
163 541 459 225
586 452 508 7
607 316 523 231
334 179 283 316
265 173 582 429
259 440 533 137
359 583 69 79
172 576 540 334
96 320 444 300
280 47 549 74
252 276 388 490
206 404 104 21
157 53 390 2
238 595 454 50
265 410 179 394
32 381 615 424
549 587 264 34
467 520 75 4
549 537 343 292
108 378 14 267
326 405 582 280
63 54 521 584
319 60 422 159
158 45 90 523
387 217 469 390
231 398 330 185
253 116 314 395
512 513 225 345
512 528 582 403
210 588 468 437
530 482 427 608
349 332 553 442
517 225 371 83
74 97 283 368
610 454 282 50
409 601 598 509
493 457 146 101
456 528 260 336
595 174 117 239
331 94 555 435
543 86 76 509
123 37 463 465
570 156 231 124
441 390 160 128
385 569 90 84
568 482 163 450
345 483 250 78
418 300 162 356
279 397 532 100
357 603 523 258
325 366 593 546
588 153 477 612
345 344 180 554
533 274 163 367
383 333 19 401
313 404 11 276
233 552 99 368
583 266 579 537
274 327 91 130
547 172 474 558
205 112 124 534
583 332 604 417
8 263 121 440
483 23 391 190
433 312 421 518
152 378 22 98
206 596 558 379
566 528 380 403
483 7 68 403
105 582 10 298
175 606 557 389
282 471 339 445
599 576 100 89
51 559 73 346
270 336 342 142
391 243 132 125
531 0 397 299
428 564 366 462
53 470 282 348
359 535 68 205
499 442 117 337
526 521 490 530
8 507 474 336
324 188 236 150
465 223 404 584
602 42 228 423
76 351 611 102
226 94 240 71
250 517 291 519
420 277 179 244
149 530 212 164
459 303 307 397
207 606 594 445
389 363 312 5
15 305 206 419
317 130 280 576
469 613 205 37
330 54 5 386
368 258 410 602
17 86 324 569
105 64 526 552
405 108 377 357
371 269 21 564
260 504 246 159
170 81 253 275
491 12 322 386
30 28 588 466
30 137 578 601
331 338 279 63
520 597 403 71
183 564 269 98
590 215 445 456
26 338 308 480
291 502 577 373
471 97 426 307
110 582 567 352
611 168 453 519
123 67 285 620
468 268 497 161
539 70 392 269
135 168 389 131
154 52 512 477
459 24 165 553
388 315 205 267
428 280 477 151
617 152 425 418
5 82 524 548
121 43 18 94
52 183 290 71
231 535 458 278
290 106 549 232
497 9 513 501
362 349 611 310
501 136 443 120
82 584 473 457
131 57 46 216
112 518 617 59
405 372 190 456
20 368 35 589
16 182 446 334
606 597 408 290
454 582 504 384
143 87 121 48
338 456 267 2
176 550 84 254
456 134 522 39
415 347 273 12
100 403 559 83
439 124 360 364
211 36 16 591
93 340 166 285
561 436 147 444
212 386 213 349
347 418 333 513
72 104 587 177
320 117 207 253
196 363 291 118
335 477 555 138
576 124 278 590
335 442 547 9
528 145 317 131
540 467 399 545
480 172 343 369
550 157 285 317
284 300 143 612
1 1 282 578
502 386 404 342
114 89 41 176
439 121 259 586
357 1 267 120
240 288 485 494
525 370 271 116
282 392 551 469
7 544 183 44
327 338 229 323
317 598 563 380
542 315 520 113
543 20 454 326
591 432 339 327
289 66 479 169
4 105 322 331
326 9 216 503
309 334 185 187
613 166 243 557
571 40 51 327
121 548 594 617
163 77 527 15
252 467 249 310
605 488 33 246
337 605 21 461
120 420 181 290
1 482 216 514
32 151 518 45
346 52 8 530
539 207 289 105
131 73 44 215
349 173 11 245
330 41 93 528
469 593 37 425
225 479 559 305
66 445 217 389
148 162 165 11
268 283 282 125
93 586 111 214
159 291 608 45
586 185 611 145
116 427 264 55
321 214 580 68
312 579 543 356
613 138 299 498
346 175 363 504
371 450 287 246
323 25 488 89
144 18 547 243
404 147 52 7
546 185 441 67
179 547 432 219
537 435 296 161
523 345 40 545
143 59 5 17
214 265 354 236
195 127 132 172
358 254 156 528
609 198 171 438
496 392 347 288
14 65 55 467
423 107 15 262
430 560 509 530
265 77 354 166
19 342 244 173
343 122 156 131
238 564 449 116
394 83 588 481
365 257 113 83
372 270 578 420
504 203 570 577
150 233 144 39
397 245 1 620
430 60 306 520
396 300 381 155
73 143 37 76
63 149 532 524
535 529 241 358
575 406 583 267
39 462 520 321
246 430 539 0
21 348 94 2
462 150 536 305
418 41 507 526
272 619 571 225
218 512 562 527
153 236 390 288
320 576 103 93
595 120 332 397
349 302 47 274
608 242 256 94
242 412 227 179
550 45 412 449
533 442 569 291
524 290 83 589
586 338 77 29
283 41 159 83
468 271 410 347
251 541 610 392
452 570 417 126
228 309 375 128
408 423 568 9
167 262 412 162
82 618 253 158
602 369 264 602
510 142 552 269
215 255 333 398
228 154 73 521
600 7 54 139
16 121 493 529
581 277 558 132
177 262 106 364
340 486 175 144
406 352 257 589
552 460 324 585
153 531 227 112
451 355 206 527
52 261 269 608
26 465 356 186
197 478 603 4
99 525 18 66
190 502 520 513
474 317 500 535
500 0 557 447
255 271 463 172
441 159 218 31
447 140 230 83
181 442 6 253
80 12 534 37
13 155 81 272
602 488 275 294
263 398 228 203
280 195 469 311
68 525 26 330
430 42 335 215
243 571 104 232
264 242 472 45
383 389 124 476
459 239 497 51
342 14 92 284
12 378 56 168
322 415 82 606
411 216 523 58
589 145 145 239
402 607 458 0
154 582 199 68
22 229 615 154
607 356 381 471
431 607 341 204
47 513 215 439
142 480 588 386
127 110 470 365
168 568 329 511
405 447 201 474
175 422 184 516
77 475 61 5
168 99 327 308
137 47 467 582
600 549 305 607
29 2 409 67
505 298 6 331
280 148 392 418
422 186 62 276
146 539 71 343
324 383 248 125
586 120 26 153
602 569 330 31
325 243 118 368
429 73 43 131
192 62 213 1
216 456 141 328
468 168 487 260
95 594 42 461
95 9 171 263
255 268 246 560
398 512 365 221
377 606 463 583
353 497 220 2
218 31 120 420
5 606 337 479
595 343 167 17
483 141 586 568
96 39 596 584
248 429 539 269
511 270 612 19
452 412 188 33
394 209 333 184
617 494 492 380
462 332 349 395
377 137 406 596
530 71 48 1
