1600
165 372 506 397
174 158 582 518
581 541 175 96
395 535 153 466
117 570 490 202
412 503 519 80
260 239 416 528
366 51 507 169
233 286 481 531
433 220 48 585
178 336 232 515
271 325 551 320
226 569 520 30
170 460 496 208
596 88 507 613
108 284 543 150
393 564 340 344
289 607 488 479
296 572 348 149
286 496 159 551
248 521 365 601
369 302 303 317
542 566 7 282
238 457 513 229
330 203 446 226
513 252 214 492
522 5 467 152
521 614 533 32
202 602 81 156
532 573 242 410
561 594 284 226
17 390 41 479
441 367 24 152
614 113 457 356
614 360 426 524
555 97 414 564
424 283 244 354
555 202 384 268
237 151 194 240
174 197 177 109
218 480 99 207
283 10 549 292
388 555 289 267
518 543 430 393
279 182 440 362
80 438 138 73
470 166 422 297
532 307 435 3
158 472 286 522
318 24 349 44
385 497 301 482
391 619 110 296
125 55 209 323
542 291 155 459
491 592 187 58
113 387 429 326
65 67 298 607
453 575 189 178
324 345 46 208
499 222 206 587
304 545 65 546
244 237 437 345
377 406 548 262
82 479 152 343
315 301 411 411
118 30 176 425
85 481 264 235
261 512 456 80
446 287 558 38
416 410 38 346
529 435 27 96
85 537 423 351
531 228 63 294
602 33 140 145
144 555 138 602
475 369 217 13
130 409 449 297
38 482 156 404
338 401 376 608
369 253 257 34
220 283 77 325
201 446 155 537
371 111 124 590
157 317 421 118
205 277 163 421
103 613 247 301
106 544 239 92
258 396 253 144
410 53 118 339
423 555 260 378
481 523 381 21
460 71 282 340
323 508 133 398
45 22 156 131
250 295 228 102
21 236 151 484
271 263 392 73
274 67 91 371
170 186 595 280
46 380 412 247
53 312 399 174
356 126 403 250
69 511 146 431
244 269 255 436
368 71 287 265
254 351 620 496
560 499 565 269
63 277 316 579
91 349 201 493
81 607 65 178
69 216 22 109
80 271 385 203
58 4 484 380
118 125 509 233
368 203 149 106
430 474 529 233
431 574 613 597
577 184 130 213
16 564 226 1
79 556 383 480
63 185 217 611
618 568 405 226
151 156 362 129
444 426 223 22
555 121 18 453
437 387 581 598
426 574 235 223
463 365 5 215
259 416 537 163
193 48 288 412
76 195 566 457
445 542 264 318
414 38 334 610
82 125 326 442
246 125 23 43
430 162 352 36
476 565 200 76
246 569 155 151
402 179 139 324
513 563 303 539
549 276 428 330
232 556 25 185
261 512 149 78
511 208 227 153
309 392 193 569
568 608 468 387
477 121 138 39
419 294 275 603
577 296 170 415
113 282 194 211
438 314 245 38
559 276 243 250
41 549 223 590
302 124 240 420
142 53 130 259
171 135 594 233
486 422 575 87
563 79 295 450
381 32 436 404
203 427 285 73
378 88 480 505
609 571 476 152
328 262 229 177
486 175 82 460
145 39 77 301
296 282 473 522
488 486 387 136
507 172 252 388
318 613 331 21
331 408 3 484
35 464 278 109
206 194 296 35
189 619 618 553
362 456 151 319
409 601 50 70
363 542 361 145
416 574 124 147
104 395 486 574
323 377 565 132
441 266 27 610
33 346 264 256
309 170 355 171
51 78 128 154
333 94 560 344
77 143 389 173
280 444 429 395
134 106 346 313
504 77 442 227
495 566 509 162
364 260 161 267
344 35 352 358
212 327 209 218
332 182 426 352
221 604 375 264
125 618 493 0
209 106 498 470
521 135 356 166
257 19 294 110
328 61 427 289
76 14 34 505
171 574 67 171
561 493 300 615
16 532 83 401
377 43 124 121
345 332 110 161
235 484 353 381
472 52 146 76
20 170 509 200
175 8 594 135
242 417 195 485
378 320 498 439
597 378 577 408
172 464 416 48
355 79 251 605
33 10 239 175
175 352 614 4
411 227 102 566
295 103 211 366
264 124 241 0
214 332 89 544
272 592 581 11
532 286 540 93
253 226 559 518
505 544 337 321
614 370 91 317
471 10 234 562
566 34 133 479
112 173 176 321
235 70 410 240
338 545 476 36
37 471 549 279
155 68 496 313
189 228 374 595
542 65 60 573
231 183 273 305
550 615 427 387
453 520 382 254
215 499 89 207
124 336 293 273
59 494 228 567
125 359 372 309
141 282 177 611
165 552 612 365
220 303 369 346
605 225 526 9
41 161 393 473
275 399 168 448
8 210 486 371
168 365 121 542
512 601 620 33
203 343 214 46
150 300 292 601
95 379 119 507
241 342 455 570
82 66 172 565
135 214 490 57
105 369 78 243
429 574 554 601
185 511 474 441
254 379 169 421
459 151 296 103
408 199 349 562
226 257 81 530
405 200 142 609
585 370 517 103
305 131 491 32
519 427 296 598
412 207 252 266
16 128 570 326
597 572 208 95
34 101 87 215
59 388 385 563
577 37 481 60
552 166 59 590
134 167 35 463
152 381 403 323
6 612 194 511
481 252 286 159
349 137 177 207
98 217 116 41
536 165 602 84
237 57 347 74
151 201 282 373
340 286 77 284
379 561 553 325
594 512 394 216
386 121 4 282
575 246 554 483
552 560 217 183
284 285 551 503
329 594 89 421
213 496 324 352
306 465 164 148
350 205 355 618
20 154 422 121
314 535 86 243
54 484 364 446
594 427 44 297
465 292 334 511
140 56 387 52
396 327 94 251
429 415 182 609
605 49 428 95
613 45 616 272
545 431 184 525
18 387 235 68
274 25 250 162
20 224 65 59
176 269 587 191
202 264 425 128
235 213 371 339
147 550 241 259
588 321 178 483
277 373 75 486
572 379 179 212
360 264 164 340
382 83 387 610
345 599 375 151
16 183 31 517
136 7 265 133
321 62 18 298
617 573 306 487
351 64 574 492
121 469 582 375
294 234 469 14
400 579 209 307
216 509 553 530
275 57 409 485
194 378 175 347
513 313 552 197
310 78 606 14
30 266 443 460
384 276 539 238
351 42 497 358
103 611 165 329
481 218 27 62
163 525 602 135
328 16 478 75
578 477 20 450
571 461 200 56
533 242 31 38
396 537 169 113
332 589 225 392
214 78 97 383
196 10 423 566
78 336 522 410
505 550 213 152
169 379 489 289
509 492 331 496
588 506 163 121
128 87 410 557
350 78 352 212
586 395 58 196
346 363 409 599
97 81 356 213
466 240 541 286
225 246 38 502
454 37 284 586
585 378 321 387
160 118 75 461
616 591 234 221
74 381 486 579
568 136 490 276
224 202 167 533
121 86 390 290
302 33 356 251
174 96 57 300
504 565 194 382
275 190 410 16
181 504 369 208
182 587 139 581
443 254 556 261
486 419 577 615
335 565 595 285
13 570 230 618
590 191 144 602
324 90 286 348
63 324 386 480
256 403 184 428
29 583 585 168
586 339 170 109
104 485 148 485
275 62 470 233
41 391 200 468
456 30 445 253
137 315 314 482
501 460 436 117
346 172 132 309
597 218 162 175
196 343 63 409
247 206 284 599
180 194 507 489
170 176 240 305
495 479 236 3
1 618 205 287
231 93 513 75
346 10 401 0
461 33 42 480
217 320 132 48
51 78 280 309
300 26 251 526
575 13 456 400
274 239 222 50
224 96 555 466
258 46 160 378
462 204 83 130
539 378 585 579
357 124 159 257
413 376 342 342
128 534 194 281
518 578 260 241
81 601 618 450
321 423 414 259
342 236 540 346
568 560 584 519
93 341 20 145
373 228 31 44
581 78 574 608
84 219 327 568
204 39 378 318
319 440 579 536
507 202 49 283
50 424 64 572
104 228 599 596
88 590 280 286
325 172 356 278
12 600 386 383
113 356 420 3
238 34 313 189
199 263 392 259
396 60 187 452
518 49 526 498
320 242 229 339
219 492 88 507
180 258 370 235
73 399 439 216
28 410 432 47
388 391 560 196
29 360 396 207
105 445 284 209
141 498 386 416
18 196 329 238
97 307 444 2
153 365 350 256
388 208 238 267
126 522 118 413
445 58 75 422
543 408 366 179
187 166 157 267
172 175 525 310
457 196 262 277
556 57 594 463
3 142 575 369
493 550 458 327
617 391 389 371
490 548 182 355
6 471 26 59
11 479 16 138
49 310 274 306
154 210 227 256
618 588 176 262
166 278 155 262
380 34 566 616
148 570 544 620
387 122 82 362
12 113 337 370
598 458 362 535
396 70 442 150
292 446 353 315
290 176 485 48
589 445 356 214
530 127 166 224
591 207 197 59
462 478 214 439
355 484 246 44
604 81 147 441
387 245 271 198
342 86 236 340
149 504 425 136
295 376 546 38
255 597 19 96
185 215 154 595
201 474 544 11
147 317 222 298
497 313 216 159
488 227 357 257
59 75 63 483
615 284 30 205
330 166 396 388
156 312 168 349
142 537 577 447
448 141 100 72
344 172 105 505
427 166 128 479
180 103 31 537
62 105 331 605
500 189 94 239
532 287 519 380
345 337 153 262
113 96 238 307
70 300 352 85
215 356 322 139
375 479 326 234
305 272 18 502
608 231 157 593
293 375 361 533
57 87 277 241
531 372 142 104
229 374 138 307
435 39 438 521
47 414 82 298
250 308 159 118
234 234 236 150
67 405 304 445
263 405 319 613
327 326 554 224
358 306 567 481
336 170 516 20
264 81 305 21
66 470 65 357
44 264 136 92
34 498 490 342
284 534 450 90
12 416 593 461
247 252 562 70
296 277 113 447
531 14 404 248
149 37 51 375
204 357 583 87
360 545 489 224
201 619 291 430
348 129 487 600
367 367 412 59
298 588 492 103
575 8 249 154
305 72 111 37
100 206 602 530
239 363 221 567
326 494 367 319
615 112 606 0
11 104 194 187
417 119 102 345
112 166 17 187
415 514 280 255
105 252 149 153
5 254 39 558
385 187 175 30
316 21 508 594
559 236 94 338
27 516 310 159
262 343 407 206
225 332 305 527
291 544 27 343
1 508 18 6
330 228 527 39
267 334 344 286
274 372 155 244
617 444 310 596
315 15 421 535
66 89 231 45
326 439 232 545
124 370 183 364
59 372 55 596
519 546 501 89
146 191 574 288
272 349 100 18
277 49 444 52
300 196 235 217
50 551 367 502
206 87 67 496
279 574 295 183
409 507 170 332
600 478 224 295
502 60 241 291
70 13 278 414
275 485 43 281
137 105 306 138
564 95 619 251
281 154 570 98
449 410 519 337
460 254 509 340
333 588 163 448
490 216 369 119
171 6 99 61
152 308 557 199
589 490 507 482
576 82 176 583
582 265 456 540
102 65 323 308
551 142 8 77
569 240 231 412
547 371 193 464
47 589 98 195
485 389 329 239
408 468 491 329
105 124 453 554
433 205 589 481
565 223 107 576
179 37 352 235
104 0 398 524
150 248 15 312
564 314 488 174
539 480 240 193
17 435 186 512
445 564 381 95
439 433 524 374
198 264 38 27
85 21 302 99
291 137 86 489
38 26 160 504
425 507 16 604
367 555 125 62
381 425 155 217
250 583 309 311
498 278 40 335
496 429 75 190
478 53 389 370
525 549 454 64
515 37 289 228
338 393 314 458
345 52 538 251
253 260 213 20
25 162 506 106
376 109 55 42
17 327 248 617
362 434 243 157
361 507 196 619
416 236 482 95
278 325 473 241
13 23 417 493
545 84 137 148
367 299 579 400
375 291 429 419
173 483 533 494
223 36 536 489
87 158 601 560
243 46 53 14
390 484 259 87
313 575 523 470
358 300 389 353
82 577 60 83
221 439 5 467
390 531 162 82
498 402 366 260
591 311 163 363
36 352 98 414
262 173 290 53
221 368 86 504
523 176 1 399
105 519 62 153
30 581 176 146
593 109 569 272
503 75 381 317
277 612 162 243
54 496 599 608
75 29 389 274
280 58 234 315
36 359 470 38
258 47 442 490
285 599 571 299
461 109 562 181
498 144 120 587
554 224 56 395
310 251 125 60
182 529 454 59
464 564 407 294
446 267 37 315
21 107 549 277
182 322 574 556
297 559 587 391
502 6 429 75
32 385 5 228
354 131 32 255
563 618 251 248
176 143 405 434
504 81 397 479
223 294 62 360
69 169 147 135
428 539 246 150
406 121 453 515
205 202 216 168
22 496 228 544
372 185 593 66
16 357 563 479
445 314 297 258
75 164 270 206
266 43 219 208
10 54 580 218
379 490 499 543
102 208 389 244
105 571 288 617
501 607 560 323
261 170 585 106
342 274 380 493
77 559 432 358
35 108 451 558
424 71 252 46
370 546 523 278
489 501 164 367
27 225 79 497
36 376 160 434
108 34 189 108
283 137 100 473
198 0 466 53
508 357 285 179
166 555 582 126
386 320 413 477
132 265 334 409
166 590 568 255
153 343 157 358
117 445 55 1
598 319 530 202
69 95 170 300
513 608 297 562
171 131 510 561
562 47 249 360
193 111 502 552
214 434 457 607
267 455 519 79
90 365 290 273
186 51 175 110
86 619 450 385
446 206 377 479
476 582 532 99
264 315 378 185
30 461 68 54
48 223 442 133
384 458 102 315
66 238 248 398
21 259 476 137
379 27 417 197
304 139 428 43
150 609 279 270
590 318 378 614
73 195 328 564
110 322 336 107
71 343 353 617
490 352 11 306
501 178 422 163
310 545 118 13
247 547 331 319
130 341 245 416
475 281 451 575
91 180 38 245
307 74 559 607
257 368 238 345
354 77 523 577
130 345 278 241
201 95 104 447
411 356 254 393
106 244 605 368
438 475 603 44
151 18 280 317
115 601 326 249
522 169 597 25
418 495 477 185
299 524 613 277
319 612 359 597
60 200 533 380
94 373 438 333
3 117 74 55
152 95 295 468
348 460 427 109
2 170 592 437
68 608 472 314
462 486 483 29
155 559 128 29
140 458 533 339
179 352 547 363
287 563 515 60
87 363 27 557
71 160 37 66
343 401 561 31
342 437 559 167
97 101 22 609
588 0 294 111
27 561 119 91
532 607 16 159
211 33 84 540
430 188 34 43
219 242 578 391
81 450 326 189
356 214 301 194
75 215 490 427
428 350 32 399
98 197 20 380
29 147 307 95
278 373 522 185
528 369 532 324
71 54 208 464
374 547 391 515
85 124 469 360
273 218 519 362
258 68 561 88
435 29 598 501
77 175 40 37
601 491 617 67
454 424 240 68
538 432 284 597
362 212 13 36
120 97 470 470
503 139 513 501
407 434 9 250
488 189 416 26
72 364 608 488
122 472 188 418
4 261 288 607
480 607 350 493
583 164 485 138
42 5 443 417
374 37 371 16
356 156 325 509
252 109 473 405
115 365 619 17
532 589 254 135
292 401 604 312
466 281 381 177
165 543 236 390
77 373 442 211
510 197 423 597
545 442 36 218
377 496 85 247
502 605 415 273
169 121 529 167
126 524 359 468
261 283 487 174
45 567 457 35
517 70 501 361
380 260 28 572
235 91 278 437
303 550 355 430
103 570 154 106
76 532 121 438
294 128 439 341
530 452 145 16
376 185 36 154
613 567 307 371
567 524 366 405
373 203 13 617
181 303 110 149
378 493 80 361
379 346 108 450
187 57 548 513
369 611 609 383
218 469 302 515
176 270 209 491
555 538 487 34
279 575 306 341
548 585 326 234
506 217 608 392
333 352 592 202
159 370 310 322
59 8 242 364
403 178 549 28
149 159 9 306
149 539 618 3
437 335 7 460
285 463 43 173
531 306 212 213
346 564 328 308
349 294 360 620
117 144 533 524
473 366 76 508
548 467 465 508
179 219 609 192
563 419 588 175
74 247 478 109
207 342 129 367
103 40 597 177
476 597 3 73
578 134 411 516
331 161 601 11
417 498 224 427
92 550 24 46
616 526 386 459
513 525 533 20
591 619 536 309
526 64 352 361
576 610 249 475
552 307 386 283
612 454 6 410
310 333 84 529
255 279 619 545
562 607 47 52
121 326 465 276
237 333 512 436
275 93 604 560
532 28 331 606
284 351 570 601
537 241 199 99
453 26 541 175
26 548 536 268
98 34 45 516
249 39 50 399
1 113 278 613
376 387 98 337
442 231 339 302
610 486 193 83
615 345 285 604
157 52 191 446
233 361 473 83
269 385 396 56
461 201 285 3
580 522 313 317
231 166 545 191
365 514 80 187
4 371 619 50
45 342 491 307
560 248 70 122
347 230 117 537
14 349 78 284
619 221 582 179
458 335 564 390
615 277 424 427
576 31 227 415
573 401 594 595
143 365 181 80
527 204 357 303
587 559 71 564
91 239 448 210
469 200 77 548
75 207 412 551
600 436 586 186
474 116 595 206
156 224 431 447
557 14 147 589
246 560 464 604
402 600 71 239
160 166 446 590
2 319 361 326
150 262 511 570
289 130 453 620
22 24 352 69
196 13 519 214
384 316 614 244
335 596 131 92
432 106 487 495
240 565 281 536
159 61 472 88
583 533 159 306
142 194 335 309
121 501 285 394
329 203 314 521
452 317 182 149
488 259 155 386
74 389 500 392
326 587 20 20
290 554 364 171
309 11 138 224
145 437 264 288
528 45 182 598
231 70 452 310
326 141 51 136
30 510 267 178
240 81 360 223
505 497 151 610
425 130 476 511
450 386 148 497
576 217 6 431
104 81 268 456
391 198 185 113
418 153 584 425
257 2 95 310
446 47 40 15
538 262 612 488
229 524 585 94
428 291 619 89
289 274 136 405
301 478 544 464
577 345 188 503
496 264 498 323
433 435 437 260
434 325 594 211
218 270 601 217
593 465 51 30
509 552 370 538
9 389 31 161
431 105 90 545
337 2 66 46
437 209 550 345
342 256 279 478
320 238 56 100
103 510 36 235
77 46 530 23
166 251 390 605
39 575 115 198
298 39 173 6
56 105 169 62
431 277 272 329
551 239 431 142
591 22 242 480
190 366 198 87
27 530 562 59
262 444 595 322
403 45 270 461
38 492 257 408
187 305 243 201
306 531 569 94
331 481 422 11
572 406 95 491
174 319 593 146
228 208 498 498
427 5 404 329
304 327 351 565
451 139 254 531
389 341 68 408
384 299 383 520
142 257 98 196
584 455 250 61
267 213 514 321
548 538 373 119
89 139 88 584
157 506 267 39
273 329 495 610
37 285 10 201
425 592 599 275
320 142 423 402
504 86 516 155
489 521 54 281
141 550 327 593
556 492 121 409
585 133 407 435
28 609 139 24
64 484 555 99
153 384 400 403
475 144 509 542
500 156 465 172
387 10 128 38
380 192 279 581
7 140 213 402
532 90 65 486
85 348 360 325
588 181 127 23
408 619 139 199
540 492 45 39
220 584 382 411
201 559 443 5
136 432 250 347
440 71 89 92
353 554 487 40
346 563 139 486
552 515 311 435
381 119 323 284
54 151 183 199
44 218 515 130
293 26 202 512
10 423 302 332
72 133 56 1
585 508 239 609
429 118 252 383
415 212 354 511
165 556 270 51
450 421 203 266
166 557 415 310
93 282 32 208
190 295 140 125
396 72 377 76
46 361 343 601
493 523 175 187
27 204 55 334
375 61 539 100
42 339 369 369
184 400 114 387
112 378 7 383
117 86 393 116
351 470 332 599
289 566 43 178
527 290 576 585
350 62 499 86
17 507 282 338
491 0 262 13
547 537 232 598
223 614 369 562
175 260 209 418
54 28 184 193
429 526 276 478
82 371 181 141
255 405 480 140
252 583 554 431
556 361 385 259
53 263 212 619
196 486 327 136
365 590 174 209
473 329 177 153
509 459 416 582
237 64 58 137
576 324 557 485
147 85 97 263
75 447 216 549
507 173 338 312
582 446 59 38
543 14 262 318
57 299 183 40
34 258 302 488
18 290 471 545
311 185 427 152
597 535 92 11
160 166 135 619
433 543 207 296
84 583 464 612
227 339 348 412
140 261 390 35
475 566 586 462
133 285 157 195
476 289 317 133
311 243 333 532
123 309 6 62
217 55 208 124
155 436 238 169
491 290 178 468
239 442 409 12
443 77 135 16
424 136 53 119
432 173 305 497
494 511 493 570
218 177 362 175
202 12 457 131
546 617 158 203
185 235 533 168
550 372 333 124
163 183 53 71
308 160 174 528
480 330 345 413
250 260 451 51
239 490 256 78
271 408 146 401
236 163 100 494
521 215 382 512
263 139 404 267
453 332 225 427
168 367 374 35
586 140 269 370
183 162 303 248
554 315 168 257
320 187 348 338
366 65 519 505
315 547 51 190
186 230 139 174
239 585 443 248
207 60 290 571
576 562 497 595
392 381 187 463
101 592 153 53
263 343 457 493
305 285 240 451
49 222 556 408
446 255 291 292
511 397 544 73
42 452 362 316
598 106 279 294
279 456 59 415
214 145 46 428
582 35 294 534
270 235 9 571
549 209 454 584
510 459 551 219
470 249 307 341
70 404 292 131
179 326 84 270
568 488 272 117
614 577 355 101
80 227 328 563
319 617 580 396
285 590 484 485
519 339 178 51
519 394 10 298
416 89 179 358
456 113 372 416
589 609 498 259
592 528 428 386
482 479 117 601
287 209 273 325
504 89 127 97
529 29 346 534
412 235 596 231
426 542 390 199
519 538 425 158
8 319 96 215
429 521 169 235
126 362 453 497
582 35 133 527
41 281 163 201
110 221 297 253
260 541 125 350
14 179 566 251
487 442 210 95
373 159 98 539
156 438 554 358
334 154 258 321
616 35 44 191
538 274 145 216
371 559 499 561
458 317 291 225
120 224 260 491
162 154 3 561
544 58 583 89
516 52 458 380
308 319 318 193
216 9 576 592
606 310 529 355
360 425 452 391
491 164 576 567
47 254 479 132
529 293 153 373
491 595 456 334
159 291 528 78
364 84 157 47
421 94 53 455
408 263 531 575
492 34 328 375
552 104 605 381
25 3 559 468
111 133 319 299
108 461 465 191
288 368 235 483
27 421 316 473
434 310 413 198
219 547 211 340
551 50 599 416
226 138 85 78
253 44 407 358
435 393 397 92
410 96 357 329
211 112 458 428
497 222 122 196
109 261 465 179
379 596 230 568
143 367 563 316
89 260 548 60
386 575 427 77
91 524 481 18
85 401 240 285
38 68 229 375
599 81 508 601
98 202 359 257
249 431 41 494
44 188 405 416
486 123 12 84
577 527 449 330
232 328 358 50
451 471 127 298
577 250 255 571
407 586 486 323
423 40 597 266
619 167 533 597
449 206 445 156
250 141 527 505
551 578 324 311
338 451 272 592
376 239 127 11
39 414 75 536
620 325 151 464
351 508 344 16
559 371 578 474
65 620 303 546
337 446 460 456
51 460 137 76
38 89 209 84
248 212 433 424
181 372 605 572
613 564 498 298
182 68 424 128
151 368 57 240
462 606 203 337
225 337 294 145
265 249 449 137
362 472 460 415
512 77 300 101
401 371 431 287
112 591 376 546
566 193 37 519
4 508 277 279
390 412 350 13
142 186 615 465
87 577 337 123
396 231 39 15
261 482 313 271
109 308 83 64
464 156 106 247
40 612 441 510
136 100 155 459
391 252 554 82
313 43 312 127
150 195 285 131
274 513 581 543
108 149 496 309
389 146 611 72
71 394 617 231
420 451 29 12
235 195 50 245
431 268 163 518
219 411 371 550
217 178 184 312
398 367 125 442
205 333 311 283
404 425 549 30
342 166 54 506
462 602 371 601
612 368 264 116
78 7 259 573
324 303 386 267
508 438 482 84
432 51 562 152
213 340 147 120
36 437 351 475
158 269 27 63
437 506 549 85
152 38 37 326
238 122 387 210
212 426 132 361
570 613 354 200
229 304 236 562
127 187 182 545
303 75 146 77
123 220 229 309
306 307 234 8
231 194 558 524
527 246 359 100
463 248 205 529
434 434 368 249
594 102 252 15
574 242 502 601
619 189 24 12
182 140 582 384
195 65 113 143
612 598 525 562
172 15 120 521
246 393 361 322
177 160 299 398
358 228 306 227
476 492 444 36
166 500 455 452
168 322 457 105
510 45 142 6
378 619 62 81
223 265 487 298
14 59 141 190
432 521 16 170
18 420 456 459
48 163 70 435
610 425 346 365
574 40 552 290
32 292 159 142
159 585 297 363
587 159 185 464
354 186 356 96
163 114 328 492
358 400 282 112
357 369 400 39
179 108 488 211
396 62 564 24
130 59 67 480
452 144 248 405
426 35 1 377
339 75 493 348
484 136 304 462
187 204 320 412
453 496 551 281
344 311 385 241
199 429 327 53
299 29 391 532
329 599 261 364
292 334 499 322
477 127 184 553
100 259 509 254
139 303 277 536
50 166 599 403
202 114 181 37
370 586 240 592
255 466 232 253
253 327 410 396
550 64 288 361
431 102 343 491
408 500 170 356
335 268 394 483
418 522 9 401
601 584 496 467
356 10 428 141
454 214 441 142
325 79 53 235
260 395 203 42
228 37 67 426
237 240 581 292
121 414 507 403
293 81 337 75
259 182 139 279
299 179 53 116
536 293 602 558
179 68 466 250
392 412 309 397
507 90 595 552
319 15 172 240
510 188 72 552
426 356 530 252
114 56 542 378
147 388 85 296
446 200 538 616
378 155 263 471
243 575 187 536
10 302 613 201
68 390 55 290
385 332 113 406
130 520 472 47
493 373 281 586
95 454 129 588
213 603 193 60
378 507 429 473
456 481 499 391
416 565 564 509
224 319 263 56
617 98 427 96
366 260 152 332
456 321 564 613
581 590 614 258
190 386 427 572
446 341 183 360
584 237 429 236
183 521 528 484
603 526 283 120
122 158 98 387
518 411 160 569
3 38 551 120
329 374 51 463
557 526 402 53
433 534 540 90
15 297 5 514
396 314 500 437
587 491 283 382
192 272 216 88
88 218 100 612
193 310 361 83
220 391 225 43
451 410 540 334
467 332 119 490
164 145 361 158
83 225 576 310
519 412 220 204
53 340 541 176
613 381 580 211
5 183 191 435
314 181 527 335
421 543 468 585
37 436 190 524
346 271 538 125
137 198 251 173
135 197 114 185
120 342 498 588
294 374 355 614
601 48 620 293
610 530 612 390
454 286 258 526
604 466 224 405
24 602 370 565
398 349 368 458
160 370 71 605
471 99 570 292
389 576 325 405
475 208 71 543
556 10 195 373
143 457 457 95
585 8 44 561
7 338 292 288
456 230 499 300
552 558 366 436
390 84 497 15
414 131 97 587
290 307 508 166
136 103 42 116
392 172 523 445
547 22 313 201
323 2 346 615
613 70 89 415
290 387 295 291
218 320 151 219
173 145 515 6
105 240 72 357
587 297 396 227
91 207 434 257
432 72 4 202
362 498 509 253
328 340 502 302
300 596 75 605
144 363 364 493
225 1 308 110
89 19 498 282
86 526 189 483
57 92 218 83
2 97 322 418
161 494 373 64
461 447 189 389
510 582 170 552
442 154 496 289
0 153 16 512
237 452 234 163
420 96 101 85
502 49 23 579
555 212 436 518
306 176 257 315
2 276 87 32
124 4 144 397
432 508 226 181
185 373 616 38
471 300 470 337
613 299 171 567
540 142 575 598
281 231 603 393
416 447 535 529
46 145 493 483
290 79 18 455
152 156 241 336
300 611 533 515
499 277 112 503
312 394 391 79
494 552 412 228
580 115 541 104
7 265 410 90
91 16 376 434
323 198 425 616
125 306 545 501
254 496 218 272
273 383 432 398
83 520 271 385
230 237 182 48
191 234 165 470
351 415 285 150
379 109 209 610
563 172 536 435
148 554 605 248
83 328 219 543
298 238 453 403
299 610 380 167
282 564 193 541
94 483 160 268
2 178 304 408
558 375 394 490
36 597 600 454
551 231 605 248
539 407 228 616
518 258 57 426
561 365 390 524
512 36 339 44
538 489 38 455
620 48 136 538
30 260 247 54
49 592 239 563
40 374 83 607
390 537 587 178
102 266 551 407
60 476 319 448
48 355 93 210
603 56 197 562
406 428 333 543
522 454 60 617
26 400 425 154
33 152 427 395
394 83 286 87
356 567 128 160
191 425 365 361
548 517 19 58
457 494 43 56
184 177 396 470
519 286 258 166
19 312 280 340
412 274 271 24
396 394 194 429
58 500 562 528
261 78 177 433
617 455 317 542
493 275 294 297
404 144 617 129
353 432 260 119
252 373 542 405
330 196 588 379
115 162 214 288
103 0 506 288
49 304 115 286
323 155 232 509
594 340 132 36
86 299 496 415
97 499 389 524
587 356 435 3
43 504 249 178
42 24 373 320
473 41 56 386
129 246 90 262
140 252 435 251
140 417 131 200
262 525 106 335
484 452 409 97
134 264 295 521
168 321 63 42
501 593 270 562
273 210 119 435
357 230 517 178
337 547 415 421
547 394 469 212
86 121 134 329
33 606 125 218
294 584 235 551
87 276 235 576
