100
55 58 110 31
62 8 38 110
68 45 55 52
36 68 104 78
66 20 72 21
74 79 43 78
24 51 71 48
16 84 84 55
16 51 91 47
59 55 52 3
95 59 34 17
78 1 36 35
44 45 2 58
7 29 110 3
16 105 61 56
68 101 7 54
98 68 68 43
4 43 67 45
25 36 25 81
106 72 38 14
19 65 25 6
56 52 107 72
23 15 76 92
86 87 98 108
8 19 104 88
96 98 110 3
96 58 93 105
13 58 51 78
68 107 18 18
8 92 93 104
49 60 3 11
62 58 109 76
57 9 21 94
18 87 23 108
46 41 35 40
69 30 36 39
20 11 108 1
77 72 105 26
66 16 20 103
71 101 29 1
83 47 69 48
33 90 95 75
12 13 38 82
47 75 86 73
67 79 46 15
70 46 97 49
106 68 54 69
78 48 44 32
45 99 66 52
52 17 30 100
62 86 21 4
35 109 38 103
13 110 35 85
45 107 62 3
80 31 73 44
110 96 17 106
43 65 73 20
48 62 46 17
102 57 54 80
74 25 10 76
70 0 1 23
14 22 52 38
88 41 5 56
93 56 7 0
75 38 91 59
110 59 24 60
64 27 106 85
46 56 28 98
103 53 86 95
100 110 41 110
59 101 7 105
30 30 16 64
77 88 110 51
6 107 97 19
0 25 87 80
15 98 72 109
84 48 109 69
29 98 68 109
51 9 69 82
17 76 74 47
42 9 27 65
96 8 63 36
2 100 76 96
65 98 23 2
94 6 23 28
42 54 101 45
99 96 8 100
64 35 12 66
42 46 7 41
5 90 42 63
20 34 47 70
22 34 58 58
102 69 78 15
85 26 5 41
34 105 30 1
36 76 84 89
44 9 108 77
19 93 63 82
90 18 0 40
103 51 82 17
