100
45 65 47 70
38 55 109 4
41 51 90 47
32 96 5 103
30 63 24 71
0 69 109 100
11 21 107 62
93 81 99 69
26 82 35 31
40 28 98 93
83 6 3 110
102 59 66 32
76 9 105 56
99 4 3 105
24 88 60 57
84 26 53 36
91 109 13 6
8 16 106 27
9 16 27 87
76 24 89 66
104 100 9 5
51 12 49 67
62 15 13 58
39 49 7 0
32 35 48 68
102 59 21 89
64 52 30 88
28 26 96 14
61 69 61 25
8 38 23 77
31 58 79 83
57 80 81 2
108 87 60 66
74 67 9 47
90 101 3 72
34 51 72 110
54 62 88 75
27 89 49 105
41 39 3 71
15 106 98 84
100 13 45 65
3 61 80 93
109 15 7 38
94 0 70 75
100 39 61 65
56 23 71 68
4 101 29 41
46 65 106 104
79 17 105 84
70 90 49 21
92 26 26 55
25 98 100 78
82 76 74 103
44 95 61 91
22 43 73 6
84 1 65 58
33 78 78 52
14 79 19 98
22 110 60 54
106 51 12 69
38 42 105 55
70 92 13 41
35 83 0 48
42 46 90 16
89 21 60 59
42 17 47 74
45 46 23 65
42 93 94 31
89 78 100 11
33 50 89 95
74 87 63 103
5 29 72 48
35 70 66 77
13 68 110 110
74 63 50 93
81 104 97 50
102 41 34 100
22 65 97 93
107 1 60 65
64 80 103 7
9 2 16 60
80 100 103 31
33 73 98 41
38 57 57 43
110 2 103 22
6 3 95 24
75 71 38 41
99 97 108 54
4 64 59 110
77 14 7 47
31 99 95 9
30 71 1 78
24 98 67 110
25 57 4 11
0 34 20 105
51 10 27 27
21 84 95 16
27 28 36 56
98 98 32 100
74 34 74 44
