100
2 68 39 57
27 85 13 55
95 60 107 59
91 98 49 73
65 67 107 81
102 17 107 95
14 40 64 33
12 22 109 73
42 26 95 49
101 86 41 31
108 88 103 23
6 46 83 84
69 90 87 72
110 39 8 94
105 80 10 3
17 68 37 34
0 44 96 55
6 62 101 91
14 3 29 63
79 93 24 93
30 78 53 49
96 90 67 99
75 52 6 53
110 52 82 74
31 41 40 63
9 21 54 54
29 64 40 64
22 96 18 54
89 109 80 49
100 98 63 44
43 75 106 89
104 22 5 18
58 23 58 14
70 40 62 16
88 73 85 53
79 19 103 25
17 94 2 87
80 2 51 22
22 3 70 88
84 73 81 41
35 35 102 3
41 38 47 87
77 5 85 98
48 20 29 12
25 70 36 61
5 16 91 91
49 24 59 32
16 48 76 5
21 85 43 53
78 17 70 8
69 27 87 29
48 61 7 73
38 68 84 93
38 27 82 25
80 48 65 46
36 104 86 43
34 17 39 93
103 1 36 75
18 21 24 78
60 25 2 29
63 23 42 73
104 23 79 52
9 86 60 54
11 47 37 64
85 15 97 64
46 27 91 41
109 59 78 89
2 26 18 82
101 67 83 4
41 67 14 105
28 66 44 65
78 107 66 34
66 39 0 44
25 90 42 46
66 11 0 0
41 76 82 3
77 6 48 92
61 20 47 57
50 28 27 72
36 110 17 30
54 11 5 79
12 105 21 66
36 96 19 45
94 31 26 8
97 57 69 2
63 84 88 88
103 86 42 102
44 73 17 21
54 43 7 74
51 107 18 28
83 25 18 59
66 14 55 105
44 21 12 22
57 100 23 36
28 92 81 64
62 105 81 48
94 9 47 77
73 73 43 110
75 63 41 72
28 79 68 109
