100
1 77 34 24
31 67 93 108
93 83 67 12
68 101 81 6
60 86 90 51
16 3 44 1
108 84 53 99
17 83 77 16
91 22 107 11
82 30 70 94
7 109 4 75
92 55 88 10
79 93 8 86
82 26 53 75
13 82 51 50
82 29 58 79
79 68 8 52
59 54 77 78
91 63 76 57
33 74 60 56
107 69 48 94
36 38 71 1
65 101 42 51
2 88 24 24
66 13 7 91
101 22 71 21
63 49 43 73
69 47 7 9
8 67 106 59
50 59 90 66
77 20 57 70
76 62 99 96
32 6 101 67
32 83 32 3
63 102 8 52
104 36 67 52
94 98 107 102
37 45 90 74
67 66 67 70
2 84 26 100
105 8 25 97
69 103 46 69
51 75 67 39
73 44 86 34
93 56 49 70
19 77 20 36
12 81 19 87
35 106 35 4
83 93 9 67
16 89 40 83
94 40 84 55
60 15 20 32
23 110 106 15
33 59 55 80
83 61 4 16
38 90 16 67
45 100 13 96
51 41 110 65
89 69 6 35
47 40 90 39
67 58 42 52
79 85 50 100
20 98 25 38
76 42 1 17
77 24 51 57
12 14 52 9
80 39 71 18
8 105 37 29
95 85 13 99
10 71 19 33
64 23 30 83
68 83 27 58
32 9 83 103
6 105 76 7
57 49 93 95
86 35 103 85
91 53 70 97
55 97 89 18
72 89 58 97
46 74 36 66
49 99 70 13
21 37 100 2
71 3 100 10
36 48 45 47
62 6 90 29
14 29 65 12
102 43 102 39
47 72 58 69
93 74 90 43
34 72 21 79
18 51 32 10
30 98 51 99
42 92 107 29
36 94 15 69
85 11 62 59
23 90 65 52
50 73 77 60
1 74 26 50
40 87 75 79
50 12 27 67
