100
61 44 64 109
38 36 42 82
72 37 10 34
13 75 76 94
0 97 104 88
75 40 23 44
44 57 73 7
78 1 3 13
57 106 70 82
29 51 6 57
16 54 8 20
65 7 20 64
42 109 26 76
80 80 73 74
82 57 46 62
0 37 22 17
102 8 96 53
64 106 0 48
73 47 36 40
100 57 45 97
60 59 39 10
44 100 89 20
48 9 40 1
71 40 88 59
30 18 11 85
19 21 76 93
40 59 64 69
106 21 3 57
23 50 86 84
93 3 0 3
50 75 13 45
8 63 104 80
66 49 86 95
40 26 78 16
101 26 36 99
69 106 97 50
107 31 93 32
33 46 17 74
51 72 53 74
3 45 13 31
99 85 39 83
83 31 83 94
41 29 28 37
27 104 52 48
52 109 97 95
85 81 6 98
50 7 103 84
39 107 2 10
15 59 52 31
50 77 82 8
58 55 40 41
20 90 62 6
30 41 36 15
22 38 106 8
7 23 7 71
41 62 33 36
88 92 5 88
4 79 44 16
51 33 90 98
94 82 31 71
36 85 2 81
4 100 96 67
76 28 103 107
69 73 10 84
54 13 31 64
109 72 30 38
100 18 54 91
61 25 87 50
18 36 74 8
104 48 22 31
0 31 76 93
31 58 90 47
110 13 51 21
56 0 35 108
3 27 109 41
37 24 97 14
104 109 30 69
61 103 102 61
69 12 105 8
0 109 45 79
109 110 23 106
37 47 44 21
55 102 66 90
7 98 17 94
86 34 24 96
1 0 87 44
29 78 56 95
52 5 67 45
90 50 10 54
0 13 59 109
39 3 48 109
50 40 12 26
49 105 13 97
50 22 24 41
51 85 13 5
60 36 84 101
30 44 86 84
78 106 67 4
50 105 22 68
75 50 57 17
