100
54 15 15 72
72 14 31 15
24 23 41 107
36 76 59 63
78 47 85 108
91 64 11 95
97 61 44 94
98 47 41 33
72 41 43 101
81 105 78 38
57 68 43 53
105 40 33 66
24 13 77 66
6 18 85 17
38 17 101 17
13 92 94 10
69 21 81 90
110 102 9 31
20 90 109 65
47 89 34 29
82 7 61 102
28 86 109 80
8 34 10 51
17 4 34 62
102 95 71 81
3 92 96 60
75 37 42 54
18 58 33 0
7 36 79 101
99 84 43 74
69 92 24 7
64 14 5 51
8 108 26 106
2 34 109 42
34 13 89 55
106 3 53 31
4 2 98 63
22 88 81 13
82 94 59 6
58 36 76 32
88 77 93 97
12 7 42 12
4 21 61 6
72 17 48 88
89 97 47 47
80 30 30 86
71 74 66 106
44 86 51 57
68 64 12 19
74 13 32 69
12 75 24 59
50 60 30 48
50 34 15 67
90 49 99 19
11 110 66 51
56 100 94 6
97 74 74 39
74 5 93 50
26 96 35 44
2 94 62 0
30 59 3 110
5 66 99 23
3 56 104 73
45 4 70 86
33 54 76 57
31 52 19 3
8 40 34 84
50 70 109 81
76 32 99 101
29 95 78 26
46 29 82 90
45 104 38 50
11 26 15 5
9 44 46 106
94 38 105 76
35 24 51 103
49 11 94 31
100 74 5 79
45 8 42 102
18 101 88 75
76 40 97 39
103 2 60 89
66 21 49 90
68 63 93 82
71 29 28 91
86 62 10 77
88 69 85 78
22 100 69 71
30 57 105 4
7 39 85 57
108 93 24 41
54 32 6 109
47 100 81 9
29 65 45 66
62 95 56 18
98 53 56 98
99 86 4 44
104 92 7 40
75 53 93 102
9 98 84 70
