100
95 9 20 3
78 62 74 29
64 12 76 24
16 44 34 67
19 14 9 73
24 24 94 21
21 59 16 26
35 29 19 69
63 11 96 90
98 3 103 78
56 20 40 24
52 67 96 33
14 74 59 50
21 106 60 59
6 42 89 14
66 52 72 104
106 31 62 50
74 43 104 14
81 78 53 56
4 6 3 42
14 30 41 47
81 102 55 100
10 95 7 92
56 35 91 13
71 39 41 16
64 92 103 40
79 82 42 7
86 89 75 36
25 58 35 65
48 6 28 99
76 44 29 67
103 78 41 35
44 9 89 82
90 71 71 44
34 47 2 40
85 46 3 93
36 12 70 104
85 100 13 7
87 103 70 103
89 106 37 65
66 23 52 34
57 27 59 21
67 52 81 32
39 13 73 89
59 20 66 94
57 58 8 109
78 99 68 106
90 66 78 104
2 52 76 17
29 59 50 100
107 91 22 67
110 24 39 11
88 80 13 104
57 38 11 3
15 25 0 61
27 73 18 69
19 68 16 89
21 105 66 71
27 48 15 65
88 50 29 64
24 92 103 64
31 46 42 57
29 78 105 41
94 78 40 55
4 49 46 28
21 70 20 21
54 90 49 15
95 63 5 91
1 98 22 47
51 84 1 108
62 18 57 61
94 76 1 30
94 12 34 32
97 77 70 100
102 31 100 21
110 49 0 7
52 18 52 107
46 71 36 72
22 9 71 6
24 67 104 69
84 74 57 92
17 18 25 39
43 53 85 18
109 85 56 59
105 70 110 78
59 82 108 60
52 58 50 42
101 110 92 36
43 17 99 77
59 26 21 103
89 20 58 72
17 99 107 71
21 57 26 78
93 80 109 45
94 31 26 77
10 1 86 28
24 92 40 84
44 19 79 101
9 79 14 2
68 22 70 55
