100
34 0 81 1
96 10 67 108
70 99 57 99
90 83 56 21
97 27 69 80
25 9 1 11
85 25 66 93
7 19 64 89
61 67 52 21
4 57 20 60
81 48 62 63
25 36 70 10
78 43 24 93
2 39 23 11
54 106 2 75
43 42 89 12
104 79 19 0
93 24 8 58
88 27 105 71
75 49 99 96
48 51 102 67
100 37 56 47
102 101 2 59
102 62 39 28
15 23 75 39
83 95 45 70
67 44 26 54
15 20 25 29
4 21 104 106
99 94 55 35
20 54 60 105
62 43 34 32
22 84 98 4
81 64 76 26
102 29 71 61
20 67 33 6
0 39 94 20
41 47 100 20
72 75 88 107
31 61 0 59
104 100 90 47
10 73 69 28
107 15 94 92
34 38 86 54
11 73 51 96
38 71 105 38
91 51 93 32
89 62 2 32
72 21 59 97
104 32 106 78
100 87 8 71
10 53 98 4
101 94 13 9
32 9 9 28
6 97 0 85
26 42 71 110
68 63 91 8
9 82 98 110
10 2 93 20
79 59 46 5
106 7 27 92
16 46 37 24
95 13 78 37
105 39 81 16
99 71 60 7
30 9 38 65
27 22 85 99
107 65 7 19
65 95 99 46
102 105 37 73
21 77 39 1
52 78 9 47
40 55 60 69
101 33 68 99
83 40 41 23
79 65 98 84
1 64 109 101
66 104 6 102
43 75 14 50
14 69 101 23
16 28 53 6
93 100 4 60
55 107 45 62
74 75 85 55
9 103 47 22
73 43 43 7
0 73 75 87
11 1 74 98
78 40 38 0
78 78 68 22
19 8 104 43
45 103 108 68
104 53 7 31
2 93 1 8
30 59 79 105
80 20 92 45
42 65 80 1
110 52 4 20
104 95 104 22
0 56 87 96
