100
12 13 0 100
103 68 19 26
86 38 17 102
86 59 54 41
93 13 82 21
32 78 39 41
26 31 76 1
64 12 9 102
57 43 7 86
20 105 61 55
83 57 43 64
86 63 99 60
81 1 48 30
44 58 21 17
54 67 34 51
2 77 38 32
96 1 52 108
93 3 38 78
3 51 100 6
8 12 64 54
67 89 34 21
40 26 7 26
62 68 77 103
52 61 18 54
86 73 18 21
105 79 77 110
103 55 3 60
0 90 96 36
5 109 93 59
83 88 84 101
34 23 78 35
27 103 24 57
66 30 28 39
86 18 110 48
53 88 99 20
62 74 54 19
43 84 50 74
59 38 95 73
3 55 82 61
90 83 24 78
17 6 68 4
45 13 100 37
45 61 7 98
89 42 18 20
110 107 65 2
85 54 96 28
12 99 38 87
47 19 105 106
94 19 46 107
25 106 30 34
34 51 76 93
0 61 17 12
8 71 1 48
16 1 1 97
69 51 75 12
12 89 63 95
104 52 9 20
72 5 43 8
45 71 61 25
102 93 79 93
44 1 70 27
52 31 29 80
107 2 60 97
8 80 55 68
109 102 11 13
20 50 102 48
91 68 88 107
63 95 45 82
70 102 102 3
86 12 99 88
92 38 41 96
73 71 35 19
51 60 24 65
44 2 16 58
39 84 103 84
34 83 35 86
91 78 76 3
46 87 33 39
54 18 16 1
15 44 24 102
45 7 63 108
9 89 100 57
99 87 4 93
103 84 103 43
96 108 62 13
89 91 98 69
19 96 34 30
87 44 105 16
75 3 9 25
20 18 36 53
40 50 99 90
42 101 64 51
91 109 51 18
47 18 27 21
20 36 51 67
35 31 59 6
48 56 92 38
7 55 66 47
51 93 20 106
17 3 21 19
