100
40 89 102 3
106 1 69 106
70 79 64 43
109 87 12 24
108 37 30 91
10 89 8 37
91 38 28 82
87 11 74 72
88 35 90 102
54 70 104 29
72 43 18 101
53 55 68 5
11 20 28 27
2 64 28 33
54 89 48 51
58 50 98 85
101 62 79 107
110 32 1 8
45 97 57 71
3 84 101 62
31 100 73 47
101 14 13 62
79 5 100 3
110 25 31 79
102 53 47 99
109 102 110 69
45 59 104 98
69 57 57 33
27 108 51 2
32 41 49 41
73 58 11 19
78 74 87 52
104 109 107 0
37 18 93 78
80 62 82 40
20 44 29 67
87 55 25 90
98 4 28 16
47 77 78 50
9 61 38 5
50 50 56 55
43 7 33 66
91 20 47 90
32 35 37 16
76 85 55 7
83 54 25 18
73 48 73 89
5 86 47 68
84 55 20 84
23 16 12 85
11 61 5 83
52 66 18 59
36 33 34 38
104 100 2 71
8 76 28 72
85 108 80 17
105 105 35 71
102 110 3 105
91 18 103 35
51 46 93 30
60 80 7 44
108 109 43 89
61 83 93 73
107 94 97 8
35 87 85 109
104 44 80 29
27 61 7 36
93 74 80 28
42 7 94 1
10 85 46 86
94 39 83 28
110 25 5 107
82 42 16 78
94 107 96 71
5 71 85 70
107 10 23 85
53 12 68 87
50 81 10 10
43 81 99 8
6 34 33 7
15 83 71 74
52 25 99 107
48 86 3 93
106 103 6 93
85 90 67 65
76 49 53 67
64 83 56 30
31 39 103 2
16 72 55 78
105 31 19 22
25 32 53 95
75 0 97 34
14 107 48 5
37 9 21 46
87 47 66 81
72 34 36 82
14 60 13 31
81 71 63 3
63 13 88 81
78 0 8 33
