50
1 22 52 0
43 43 12 45
25 34 26 28
34 33 5 29
47 16 55 46
21 6 28 30
52 44 8 31
28 47 36 37
54 11 49 49
23 34 37 9
49 19 38 13
56 17 2 39
58 37 39 20
57 15 5 30
15 30 21 51
6 20 47 24
55 38 45 44
24 29 32 22
39 55 49 3
16 2 42 46
10 15 59 24
54 16 28 41
19 49 31 19
51 12 8 18
7 48 19 10
43 49 1 20
18 50 14 5
41 6 5 40
17 34 51 9
10 24 46 21
18 12 50 26
2 1 54 38
54 36 46 37
51 31 17 40
14 18 26 1
31 9 55 2
43 36 58 25
12 3 16 53
5 45 32 35
19 33 57 59
32 1 23 18
24 2 2 24
15 58 41 53
45 58 42 33
59 16 40 34
45 3 2 8
50 32 2 32
8 19 42 21
16 44 50 57
50 29 48 37
