50
5 19 8 32
27 6 37 15
37 11 13 8
44 51 47 43
8 12 40 53
40 49 27 14
1 33 22 32
32 55 41 31
13 56 10 3
48 21 58 43
27 9 9 7
56 18 56 23
56 13 56 11
7 3 3 38
25 12 10 58
46 14 57 41
53 26 48 12
36 23 55 9
35 54 35 26
22 17 39 27
19 52 12 27
41 20 7 12
4 13 43 58
35 38 9 56
24 35 47 38
30 33 20 16
25 1 45 45
29 25 55 6
28 48 46 36
59 17 51 44
31 34 56 26
44 26 39 54
42 33 40 36
21 59 52 51
23 5 26 24
5 57 9 50
24 11 31 59
42 15 2 25
12 17 32 16
15 43 54 2
0 21 57 14
22 26 56 18
55 33 21 57
58 28 1 58
32 60 47 39
56 30 60 24
26 54 15 34
3 44 11 33
10 58 18 53
48 11 20 31
