50
42 5 8 32
40 1 31 57
48 52 45 21
9 57 29 51
18 24 50 50
4 44 11 18
8 39 34 3
24 44 55 35
18 38 46 10
19 41 42 37
3 12 33 16
52 22 34 7
11 13 56 31
18 38 57 1
36 57 55 39
26 10 14 16
37 41 20 19
51 24 26 35
8 36 50 59
23 32 9 42
33 31 56 46
52 6 53 18
12 34 43 58
57 42 9 29
60 49 56 8
27 50 14 29
59 10 20 17
15 55 53 53
39 7 25 53
40 48 20 40
48 9 11 13
12 21 19 13
42 49 32 18
8 16 20 36
39 38 4 46
16 23 37 8
57 35 13 30
5 46 19 9
44 2 17 1
9 15 44 53
40 41 12 45
33 31 39 26
6 48 26 35
51 32 5 12
40 3 18 38
0 20 16 29
11 24 19 24
44 3 43 49
42 21 51 3
11 29 38 23
