50
44 53 22 34
23 50 25 53
57 10 14 48
37 22 28 41
35 28 29 53
16 37 43 23
15 13 25 36
10 56 37 51
5 34 53 40
37 19 17 42
54 21 38 40
34 53 58 50
35 29 39 2
21 2 18 32
10 20 0 31
53 18 23 40
2 34 28 33
21 14 28 4
44 35 33 55
23 46 50 14
32 12 50 14
26 52 47 9
34 35 32 58
0 25 55 7
39 50 12 5
22 26 47 53
3 47 12 50
46 38 21 52
55 41 56 60
24 51 59 1
0 32 1 49
36 47 34 33
15 47 33 46
11 41 39 29
33 23 38 2
48 47 13 6
21 21 57 14
6 55 0 24
38 14 18 54
25 47 33 18
55 23 9 51
45 11 19 46
45 17 20 20
55 29 10 25
49 12 5 22
37 3 39 19
14 18 47 16
13 52 59 23
28 45 57 46
13 52 53 9
