50
10 49 52 24
37 46 36 46
12 54 40 20
26 33 34 43
32 31 5 56
27 15 59 49
28 47 30 24
32 20 30 20
47 55 58 59
2 48 31 37
59 15 46 18
18 22 54 16
14 29 5 58
43 25 15 0
10 4 46 10
42 52 37 1
1 33 60 44
41 27 6 48
16 29 6 30
24 11 20 13
42 33 42 42
9 53 48 56
24 17 1 14
34 52 21 23
21 53 38 28
47 37 24 21
56 16 7 50
58 59 16 8
52 50 57 39
47 50 3 58
0 7 9 52
34 31 35 35
15 56 4 43
6 28 8 57
17 34 38 46
51 6 52 8
10 22 38 22
5 19 28 43
30 44 23 6
3 8 25 57
2 54 18 14
54 26 44 20
36 25 0 1
34 49 44 23
8 12 35 54
50 26 55 19
55 6 0 0
43 22 13 25
56 33 22 34
57 42 48 33
