50
10 29 38 43
22 27 23 55
27 18 51 27
30 50 57 45
0 26 32 47
47 5 5 10
21 37 47 56
6 13 29 23
26 20 34 12
8 56 24 20
17 43 31 2
12 2 35 43
17 43 48 56
5 7 8 28
28 13 17 54
27 42 41 11
7 60 58 37
39 7 57 22
5 6 57 41
1 30 28 5
31 12 31 43
49 9 27 27
23 5 20 58
49 46 9 7
31 18 21 33
49 29 33 53
10 6 8 31
17 5 8 40
3 41 49 26
57 31 1 45
30 30 8 20
6 6 18 6
40 48 45 46
0 56 10 42
21 7 41 10
15 8 50 42
42 11 10 25
20 36 6 24
50 4 26 42
4 40 31 6
52 59 6 3
27 33 41 31
9 58 48 52
41 5 49 10
18 46 53 54
51 42 21 12
23 46 16 51
44 48 23 6
47 59 27 32
6 20 39 40
