50
37 58 49 26
24 16 40 39
38 60 44 12
16 58 55 51
35 3 49 0
15 24 6 42
54 59 49 18
28 32 25 21
31 4 16 24
33 37 44 7
50 41 27 43
54 27 16 1
55 51 6 60
25 29 59 14
47 30 41 35
38 43 30 15
45 46 6 51
18 16 59 55
31 60 26 52
30 49 59 58
49 36 24 22
0 1 9 54
28 37 59 28
60 21 40 40
59 38 16 49
2 59 21 3
55 18 11 55
58 35 33 14
57 28 53 41
38 52 15 49
31 4 5 59
37 8 52 31
40 9 38 7
18 19 44 57
24 35 45 31
14 42 31 53
14 50 31 8
52 50 53 7
25 28 4 47
32 3 47 23
39 17 19 42
56 32 38 19
47 57 28 60
0 7 24 14
32 45 0 30
20 40 56 50
17 30 6 47
59 58 23 4
2 37 31 37
59 6 36 9
