50
48 26 40 39
4 47 21 27
59 39 39 13
59 47 40 45
22 31 28 28
43 9 31 17
54 37 59 4
38 54 21 26
22 15 15 38
16 17 32 47
58 37 49 23
32 4 15 54
60 34 8 50
24 38 17 17
28 48 13 8
56 0 60 3
31 27 60 19
28 42 31 29
24 51 51 35
57 35 7 30
60 14 30 1
28 54 41 47
18 43 23 18
44 45 32 49
44 14 6 57
58 38 51 12
34 5 26 12
20 27 17 53
31 22 54 30
46 35 16 29
20 0 23 44
37 31 19 40
44 18 59 1
49 50 7 51
48 54 31 22
35 2 53 2
18 1 45 32
45 16 47 28
55 52 17 4
23 4 35 38
15 5 14 15
34 43 51 43
7 14 1 55
12 26 32 51
12 12 27 9
37 50 50 1
52 51 29 58
18 24 21 40
56 41 24 55
21 29 58 44
