50
11 53 39 2
19 56 22 2
10 20 33 53
53 33 14 0
56 12 4 47
49 46 22 31
23 58 29 43
30 51 9 55
1 31 13 27
12 41 37 0
21 58 52 45
52 36 56 28
40 56 19 37
60 15 54 52
41 7 23 12
50 49 30 34
54 9 22 32
10 42 50 22
51 11 30 56
59 28 35 4
13 24 22 26
56 6 11 2
19 47 7 44
31 11 46 58
45 14 58 46
48 52 1 1
34 7 40 29
43 34 56 28
19 27 6 28
53 20 50 50
6 21 13 2
8 28 41 15
44 47 49 57
35 24 25 51
39 58 23 34
5 15 50 58
37 2 27 12
32 41 58 44
23 8 34 38
47 8 44 1
50 12 18 32
16 6 22 43
37 22 13 0
19 49 24 52
20 38 60 56
47 55 25 2
12 16 29 36
34 7 21 18
39 8 40 35
25 45 2 3
