50
17 16 42 15
40 5 20 11
42 54 28 52
9 30 19 44
22 49 36 32
1 7 14 6
48 59 5 30
42 7 6 44
30 56 19 46
49 16 15 22
47 18 31 14
52 14 52 49
30 26 8 9
60 31 50 17
51 29 54 27
24 16 22 45
24 32 24 51
14 18 22 51
17 49 41 1
47 58 42 18
6 10 51 56
56 6 53 52
9 25 1 45
13 41 57 13
9 43 29 11
0 41 22 48
19 20 18 45
44 6 24 60
39 54 57 53
31 46 10 42
39 19 59 17
5 55 33 50
48 8 54 58
22 21 11 32
29 35 57 21
13 39 1 14
33 28 25 15
41 13 24 26
58 16 54 56
54 3 37 42
55 48 28 40
5 54 37 51
3 57 40 54
25 9 56 4
21 17 8 33
38 57 26 47
30 55 27 11
59 11 19 11
24 14 33 2
8 11 58 0
