400
405 281 304 22
280 211 392 363
230 334 249 86
65 326 364 379
217 359 334 380
194 287 118 292
222 251 196 373
189 343 325 137
362 247 402 90
411 29 398 150
29 255 93 179
114 264 38 316
253 4 184 21
45 215 44 105
228 342 136 281
219 346 222 54
125 181 171 373
413 120 188 327
77 342 193 247
182 131 86 90
206 151 188 94
321 115 232 103
327 65 324 367
144 103 389 21
172 30 86 44
52 16 208 53
126 323 41 366
156 240 321 364
251 403 202 394
348 415 398 106
80 398 90 276
105 102 334 124
276 126 220 92
225 139 21 370
308 263 14 134
157 375 354 261
229 275 408 28
70 315 253 321
45 253 300 250
332 50 46 23
182 380 408 182
42 2 356 382
247 348 404 299
400 417 380 269
269 50 364 143
236 396 45 191
335 58 272 222
380 295 257 163
32 252 249 175
334 256 102 320
168 6 201 407
232 261 179 381
184 357 70 65
60 71 269 203
388 364 375 387
9 414 222 282
370 68 321 111
385 252 332 233
341 106 299 362
293 67 33 393
309 401 241 307
352 24 351 138
280 394 20 373
357 155 111 340
372 18 366 81
145 112 51 354
202 124 312 178
4 54 271 199
217 416 311 138
362 410 103 114
347 181 186 309
146 247 310 192
37 255 269 185
18 266 135 375
341 157 409 20
2 218 30 158
126 119 176 51
111 12 419 273
111 378 119 279
248 39 273 102
309 329 136 107
369 163 77 398
143 333 372 358
161 196 68 185
67 230 314 288
353 380 331 395
65 159 103 136
384 250 107 53
246 202 61 30
260 170 383 98
113 76 413 322
28 348 70 233
27 315 58 383
75 301 165 139
400 229 150 411
358 92 126 339
388 132 412 201
276 71 365 151
336 175 159 403
346 274 65 191
381 256 372 18
328 220 62 178
222 351 38 102
290 344 198 263
319 300 297 63
94 19 232 291
65 371 66 24
232 85 24 389
259 26 413 152
411 15 409 207
74 206 337 104
267 418 155 316
312 271 34 147
364 174 290 252
227 382 273 183
9 282 82 61
174 60 208 149
314 414 373 270
75 318 66 204
0 212 48 228
409 298 380 337
277 172 336 242
378 179 279 128
342 227 226 91
356 183 26 24
312 147 363 23
48 395 105 248
97 272 223 407
415 180 398 122
377 349 257 79
128 310 6 245
104 366 167 220
111 200 264 21
119 420 277 231
230 165 295 126
92 105 257 156
45 413 385 338
355 417 178 289
183 340 98 330
164 329 301 95
327 272 202 101
265 417 132 162
296 268 3 338
219 106 338 111
409 285 253 20
380 18 93 175
291 33 291 139
191 19 412 35
29 109 74 209
119 314 111 355
141 89 307 326
161 174 175 268
412 372 307 86
127 173 247 334
389 377 281 169
85 397 87 149
292 115 17 418
236 219 369 379
216 258 151 346
330 130 278 27
129 117 55 0
118 390 291 28
175 166 5 273
312 317 350 157
176 227 102 151
148 382 272 51
68 56 77 147
23 152 412 201
161 177 310 296
12 7 337 302
302 139 275 70
240 143 155 100
274 276 96 362
42 213 40 325
187 153 187 225
397 208 201 25
366 128 16 292
94 155 249 298
284 205 35 40
203 57 372 226
412 294 348 224
128 377 19 413
47 236 311 402
380 322 100 163
384 280 356 362
169 148 164 84
300 8 304 39
33 87 239 358
99 21 159 235
94 355 79 214
154 410 318 32
28 318 202 258
9 101 206 15
5 294 112 81
330 64 55 89
151 252 410 293
226 36 315 151
389 197 376 343
405 405 196 416
270 359 144 138
165 309 399 380
300 224 32 383
43 207 309 66
27 131 134 327
244 366 394 211
147 337 0 345
12 25 98 86
130 388 264 99
6 222 271 9
112 418 10 11
243 311 411 222
24 145 385 193
393 214 144 31
419 114 280 303
320 85 140 260
197 163 306 305
331 416 271 401
13 334 7 144
330 329 58 61
276 80 9 119
95 312 299 275
65 35 101 272
393 353 250 42
54 358 12 229
330 58 36 291
342 336 72 194
68 396 126 313
188 194 274 345
123 363 46 305
108 330 148 26
401 357 377 40
51 246 253 402
106 308 293 52
266 346 340 415
172 20 269 231
74 90 220 141
193 97 189 376
403 198 274 361
296 220 45 234
190 121 2 170
328 115 134 314
114 233 309 70
31 225 342 179
20 389 51 397
241 273 156 23
344 298 182 77
121 125 388 104
151 47 367 313
378 378 178 414
157 359 268 336
257 337 308 119
248 128 163 165
219 233 111 83
253 374 314 234
119 319 7 258
159 21 420 319
225 382 231 311
93 376 31 256
339 42 10 141
276 221 237 367
200 298 272 9
346 393 302 121
221 414 51 153
212 90 380 363
377 82 17 365
134 105 254 342
151 284 302 283
202 219 156 283
378 280 121 114
49 55 170 356
309 73 218 312
223 23 17 330
216 153 309 63
142 70 116 21
362 92 1 41
219 238 86 309
115 360 376 267
150 400 363 250
49 153 341 324
167 359 391 144
291 269 300 106
130 50 301 39
280 98 189 16
176 341 240 84
325 314 414 306
342 197 251 354
98 60 172 226
410 100 385 304
297 214 89 189
239 108 37 366
99 100 132 139
376 93 257 316
17 63 282 71
407 62 25 363
121 320 289 43
131 18 259 88
260 266 54 305
386 41 3 94
279 249 137 195
198 135 331 309
361 145 233 104
2 409 147 401
404 419 322 227
3 281 390 215
320 152 183 293
316 174 14 414
348 358 29 72
341 379 118 132
209 118 345 97
120 211 242 171
350 324 119 300
195 354 301 296
349 50 54 337
225 212 129 41
347 234 227 83
314 324 331 58
318 24 392 419
43 276 340 364
96 340 88 250
80 212 268 346
383 309 247 364
400 414 246 328
332 320 272 202
326 172 382 304
104 350 366 67
420 9 322 386
204 419 150 83
291 83 18 92
22 336 160 410
401 142 227 115
210 155 323 30
85 329 27 41
237 292 284 206
188 79 110 225
199 298 161 262
217 63 296 306
116 192 418 253
316 316 100 116
360 73 191 346
99 26 349 337
408 349 169 106
124 224 307 262
154 265 235 42
333 10 387 186
25 184 415 396
238 366 151 401
241 185 309 4
18 58 389 51
125 212 158 360
72 94 121 17
403 215 22 233
32 386 80 280
204 177 302 110
28 142 274 204
121 99 267 262
123 181 253 315
268 332 343 245
113 183 305 352
371 79 130 200
28 261 378 264
313 355 19 360
5 229 123 181
410 46 31 188
309 157 347 378
63 347 411 414
116 125 53 135
78 93 305 35
316 393 44 4
276 38 111 364
3 107 321 370
148 211 130 110
354 373 219 350
325 134 285 117
30 324 327 309
412 38 27 30
51 417 387 337
178 347 107 407
47 93 297 260
344 13 256 22
239 195 138 340
157 145 167 261
267 53 265 34
18 322 331 299
246 417 119 385
301 242 183 404
169 262 67 346
136 220 186 160
51 200 226 117
410 198 161 154
184 351 218 188
390 297 202 56
143 380 128 281
200 215 295 8
270 363 344 417
245 143 351 174
304 286 255 172
104 326 223 420
62 258 208 352
97 349 32 43
179 331 336 329
