400
29 379 417 272
109 304 168 283
316 297 60 47
343 130 342 310
120 315 387 171
352 66 164 73
189 174 142 294
189 303 409 225
227 268 236 92
175 197 10 48
7 138 291 78
249 71 302 164
392 50 33 376
216 175 289 409
237 197 400 19
36 27 236 132
119 397 109 177
262 392 21 416
6 152 384 188
115 106 65 98
14 52 133 304
323 306 319 120
212 15 320 393
265 394 65 219
194 271 245 9
165 124 123 412
134 202 225 233
325 251 73 371
399 344 199 113
131 9 2 294
324 20 115 55
76 108 292 348
339 242 1 37
222 192 247 325
214 356 26 251
194 125 406 46
145 134 322 187
2 360 25 379
359 138 30 25
151 38 150 100
98 121 176 236
316 62 249 149
177 330 333 335
225 351 93 288
362 163 260 130
398 374 94 344
192 297 145 360
239 353 288 273
37 148 252 303
293 256 297 383
360 77 91 363
87 295 395 352
374 235 393 333
34 298 315 343
137 280 239 205
400 96 61 7
347 190 417 342
308 218 282 132
414 261 388 232
300 128 373 290
412 205 62 262
259 126 317 336
268 319 222 273
173 417 37 170
365 77 369 334
70 206 176 113
269 105 357 237
188 328 288 301
135 309 298 376
344 74 345 302
416 270 27 248
61 366 154 352
178 118 158 324
127 308 16 190
378 6 97 352
390 3 145 104
308 249 252 364
127 75 273 296
349 388 195 139
179 196 192 379
112 266 177 92
79 41 177 346
410 108 176 320
185 253 279 102
417 273 104 358
91 155 360 257
353 329 309 201
378 218 283 320
139 109 217 251
47 43 416 122
238 276 256 321
310 21 363 239
112 347 32 269
10 289 218 179
262 420 51 325
187 220 214 53
63 403 396 296
124 228 49 120
227 127 120 377
72 390 294 348
190 33 0 50
208 3 345 2
378 26 293 341
291 167 404 374
92 305 258 285
219 310 89 167
129 92 271 309
299 360 139 377
134 124 15 148
155 329 125 57
27 257 81 139
14 296 57 213
123 161 253 44
238 99 6 253
267 197 150 55
148 11 130 415
377 346 216 96
374 236 213 65
50 16 241 167
64 208 353 12
193 47 319 256
157 304 133 173
329 255 18 103
242 370 260 302
324 388 336 210
60 218 58 144
101 65 46 383
76 197 249 47
372 227 222 318
37 58 267 61
32 167 93 395
359 416 192 248
5 301 116 10
0 392 110 250
222 153 355 400
82 207 312 183
347 235 135 179
300 115 323 160
226 129 134 326
394 413 19 108
40 216 307 380
377 265 334 326
179 282 115 233
289 79 289 249
184 285 279 198
318 307 12 224
96 332 160 16
412 248 76 248
388 150 226 81
139 211 30 261
293 369 375 115
59 64 361 229
414 285 372 260
180 373 68 234
210 157 223 333
96 145 325 194
59 210 385 412
307 376 37 200
340 14 33 363
278 307 384 122
110 409 372 319
329 104 74 344
66 284 349 232
78 228 237 175
285 13 358 240
147 161 79 17
89 26 313 154
180 388 374 223
6 131 281 52
326 176 68 8
417 366 398 119
152 31 47 10
185 410 275 244
24 272 196 100
249 302 58 72
264 26 192 49
124 187 63 187
100 13 333 393
376 132 55 334
385 334 98 414
292 201 18 355
267 244 403 68
336 339 420 288
293 17 274 78
27 222 169 378
21 303 83 185
414 187 179 371
75 27 380 170
54 358 270 88
229 415 408 156
30 211 239 72
158 67 231 355
28 228 153 297
203 330 409 112
298 234 342 133
342 376 355 9
196 35 319 319
377 237 321 352
345 5 127 86
2 155 31 357
197 107 300 88
143 288 49 356
281 42 305 299
320 362 113 121
396 258 41 144
148 31 416 247
129 172 300 203
324 84 284 406
372 75 240 125
133 128 398 93
289 24 366 413
349 23 109 183
191 244 386 360
8 314 309 153
130 413 244 87
88 364 143 324
325 274 288 189
121 398 220 50
364 55 111 200
313 261 281 58
163 208 146 215
239 69 72 4
58 9 306 346
254 163 316 303
327 53 66 180
45 220 191 180
27 178 363 407
378 275 0 49
67 141 339 98
247 266 211 63
8 93 192 256
68 387 147 142
350 17 209 47
350 355 48 291
132 167 416 283
214 16 115 381
52 192 38 181
185 105 163 200
55 398 371 398
213 110 253 15
300 31 7 255
398 292 184 32
102 96 234 353
381 321 381 327
315 318 296 108
321 299 312 231
206 268 66 360
201 169 395 74
321 4 240 412
59 82 89 43
366 282 162 185
241 64 42 100
369 297 314 291
387 309 294 310
391 251 325 269
163 218 195 235
133 17 103 382
9 50 253 328
82 275 262 287
5 265 412 244
7 300 292 318
47 215 278 81
92 204 226 389
310 194 53 76
405 391 269 54
293 134 404 409
290 412 326 376
355 58 390 124
143 253 341 250
308 413 164 361
259 259 316 270
246 49 284 58
106 285 96 136
402 96 111 207
327 318 123 126
280 183 222 43
364 102 72 352
381 299 47 356
92 83 336 353
295 83 285 49
279 352 237 104
236 57 25 293
114 183 121 272
42 190 364 336
285 193 59 68
18 381 268 254
264 155 11 328
309 13 11 363
381 156 272 208
91 228 94 393
70 251 265 302
227 361 151 310
134 59 383 351
291 4 124 25
196 105 109 140
313 45 229 399
408 38 213 288
78 240 168 50
312 88 203 378
338 141 133 176
109 66 229 363
98 7 14 251
1 25 396 160
167 397 3 137
356 168 293 142
302 191 364 11
393 246 411 339
392 203 14 297
366 144 171 215
335 174 223 88
16 145 132 199
353 31 233 385
317 226 162 343
322 314 8 363
179 167 205 387
244 67 396 322
131 56 236 351
27 131 275 72
11 121 142 27
368 55 228 151
280 356 16 84
307 152 229 72
417 74 378 140
378 252 310 91
326 218 241 82
116 278 228 290
63 365 58 260
330 134 364 198
396 16 372 39
109 291 386 360
110 84 22 46
56 384 226 284
114 43 295 413
388 275 138 67
121 379 141 74
260 203 158 93
81 1 329 274
115 226 406 253
180 307 190 158
46 309 160 68
161 258 274 48
402 144 80 132
332 353 259 22
227 89 231 417
416 87 324 165
396 320 338 310
37 384 5 255
241 273 223 161
211 173 151 410
14 52 27 150
247 94 253 293
142 396 94 69
67 346 128 12
133 364 348 131
409 420 10 300
411 189 371 228
234 336 291 385
0 62 132 56
28 322 45 407
134 100 273 370
249 349 415 252
393 163 360 419
353 134 303 254
393 182 1 162
287 32 234 372
76 88 184 54
128 389 90 75
8 46 96 94
110 232 163 230
419 270 31 362
196 240 88 235
399 112 343 252
242 250 206 374
68 217 170 241
91 410 335 262
333 333 145 48
370 192 366 3
305 182 238 308
221 357 260 296
141 331 14 9
317 145 146 55
396 36 270 245
112 420 343 172
72 416 176 413
11 75 220 9
44 409 60 333
393 137 394 400
228 200 16 393
415 267 385 235
259 100 53 91
33 199 31 300
100 326 120 34
255 90 11 294
167 85 310 377
272 173 204 189
78 120 23 398
389 337 304 169
27 332 180 198
169 192 70 273
325 234 293 203
