400
297 83 357 362
316 86 345 298
296 149 383 164
11 279 168 344
138 211 235 382
345 403 22 392
244 284 324 300
137 268 216 200
78 66 43 370
399 265 36 118
90 406 340 283
42 52 147 315
31 299 100 277
406 415 81 301
96 158 92 209
31 186 259 5
259 3 259 170
227 116 357 114
357 224 338 33
288 90 148 63
128 400 193 167
164 160 177 273
1 77 371 109
36 35 410 38
300 52 127 186
96 336 258 165
257 77 274 177
125 165 410 266
306 408 248 136
226 238 335 343
267 33 92 1
333 394 1 2
352 27 333 298
0 357 411 365
122 251 389 115
154 198 212 331
272 4 149 398
203 39 73 18
30 287 71 262
332 303 139 110
97 1 207 232
386 6 30 187
44 227 54 305
45 92 408 409
246 282 121 372
297 114 289 242
299 301 203 189
25 14 286 29
304 110 206 290
345 399 304 230
324 248 380 256
150 11 43 143
378 229 273 24
159 292 315 150
375 155 174 379
394 167 380 397
150 253 49 47
372 378 339 372
226 327 157 76
63 210 97 255
12 67 81 389
324 109 249 272
257 203 281 191
82 58 71 143
203 49 185 117
315 419 146 25
183 335 328 110
283 302 170 130
82 111 225 226
310 358 58 224
252 320 85 267
256 171 394 130
106 236 277 415
349 173 218 88
212 246 59 233
303 319 223 311
300 20 105 399
237 26 48 119
136 32 58 308
271 309 249 313
300 170 24 59
414 168 294 238
302 100 239 272
121 181 141 38
111 239 106 385
238 97 408 3
286 121 127 15
251 3 159 111
216 13 262 77
377 281 239 107
349 13 137 155
208 37 150 417
243 127 137 279
339 411 92 42
189 120 233 3
308 178 104 87
119 164 415 33
4 45 296 364
27 370 357 238
324 199 333 42
196 77 409 203
118 266 203 99
395 70 240 19
269 268 9 6
355 284 51 406
281 30 69 157
217 68 413 104
310 229 322 203
299 106 345 165
348 306 249 0
59 367 407 314
321 357 231 312
67 15 51 131
3 276 85 301
293 6 0 183
320 7 272 193
9 313 41 392
177 288 307 370
363 386 45 328
270 85 225 211
390 11 9 226
114 114 277 405
387 62 198 7
162 308 250 340
12 396 116 273
346 169 159 19
16 327 116 130
273 113 290 66
317 181 225 285
276 201 80 315
245 226 52 355
169 258 136 113
198 379 4 138
392 63 5 47
125 172 95 168
225 155 377 274
265 110 40 250
12 214 47 100
254 45 173 45
281 356 345 182
135 60 29 222
68 35 416 48
198 380 222 345
46 374 208 306
161 340 391 221
90 71 324 162
280 152 384 221
274 82 130 123
316 121 37 196
404 152 107 355
136 159 370 349
405 246 97 352
173 328 182 297
178 43 293 186
136 57 158 77
394 114 413 80
259 357 384 71
306 290 59 22
127 56 400 332
35 130 416 290
349 157 281 205
50 411 158 277
208 300 304 215
170 172 346 265
176 290 148 242
269 318 419 250
40 187 96 249
394 411 200 71
20 102 315 26
415 339 412 1
125 234 192 197
74 3 74 288
173 419 412 298
386 57 100 369
255 131 340 352
228 407 153 176
82 96 39 254
302 125 341 55
342 374 230 98
185 395 181 277
127 91 69 154
129 403 149 4
204 254 30 107
403 370 360 357
274 182 101 7
287 134 248 250
48 105 122 363
107 53 353 410
114 161 315 14
302 341 380 79
150 283 165 277
44 32 359 73
323 390 197 33
274 44 203 42
355 380 418 174
64 150 66 86
273 38 343 8
192 55 24 148
155 6 342 206
30 416 263 382
160 251 408 62
60 370 121 81
418 296 324 228
298 32 82 328
58 89 267 268
314 313 241 289
313 362 6 237
385 337 71 99
415 197 161 194
336 101 20 239
113 146 160 133
323 231 254 163
296 195 404 418
7 46 380 197
348 270 111 303
312 48 6 4
273 154 207 399
153 160 98 308
163 104 20 119
2 255 215 91
273 102 414 186
99 260 20 358
347 383 200 40
286 263 258 369
316 203 309 275
287 403 301 356
210 307 6 356
302 13 65 177
294 194 311 332
220 187 306 276
215 102 363 171
294 397 168 5
326 110 93 157
372 32 202 20
45 244 269 262
383 50 159 219
403 16 400 330
314 313 237 39
62 406 299 342
41 345 81 251
38 115 175 308
142 184 257 399
96 397 348 355
82 111 381 165
93 335 27 358
20 402 410 245
228 259 293 184
93 83 274 45
27 407 164 101
68 197 143 334
66 262 248 233
302 204 316 256
131 259 79 110
212 184 377 321
347 72 368 354
367 148 140 337
271 225 327 274
5 253 28 268
348 58 308 159
356 316 68 246
419 323 16 87
14 275 231 213
283 413 384 91
184 293 158 102
215 237 411 230
413 32 413 370
282 136 280 381
107 258 52 92
282 149 39 405
332 131 413 334
36 29 32 106
259 391 405 207
342 251 91 323
234 68 98 18
146 296 59 245
311 300 284 163
383 159 246 296
43 62 331 348
89 40 69 298
85 6 385 190
268 58 192 299
184 314 229 340
149 173 64 420
360 291 346 138
380 395 418 208
8 267 4 277
326 89 127 284
402 193 249 115
182 157 402 110
391 353 40 119
133 81 133 417
395 3 173 88
294 207 340 148
414 193 318 230
124 142 71 87
35 375 172 316
92 55 331 52
257 246 257 116
202 19 361 227
306 224 254 158
63 31 239 83
220 290 407 370
402 215 291 1
406 329 141 274
23 402 186 116
341 220 391 315
214 143 120 131
372 415 78 348
362 306 297 316
269 160 152 234
168 145 21 319
62 313 294 351
195 235 233 390
254 274 4 155
264 216 215 335
18 379 344 87
420 216 107 3
210 17 92 48
379 270 401 420
212 197 260 223
336 398 333 367
106 372 337 244
159 174 156 65
370 327 242 389
311 74 30 127
121 50 271 366
320 300 21 354
305 403 221 235
287 62 307 170
104 188 131 385
342 395 253 158
18 270 76 300
217 87 42 228
317 80 307 87
184 7 339 40
408 6 415 218
157 160 135 390
274 199 347 171
413 348 317 114
352 265 195 268
331 286 216 174
191 379 308 222
95 407 123 416
337 153 110 408
61 266 200 323
393 201 104 305
340 332 322 72
336 281 116 300
228 299 42 368
409 364 13 5
199 31 67 63
261 137 22 159
137 293 4 394
310 17 171 337
40 71 118 216
189 220 359 255
236 94 278 254
116 151 336 335
420 320 357 272
274 6 330 129
180 280 12 397
301 253 210 11
72 330 347 230
180 35 417 39
301 5 328 26
28 260 1 174
178 44 205 211
26 66 43 246
75 210 212 269
187 332 140 345
140 21 1 380
376 197 184 326
202 208 194 56
250 414 198 60
196 192 243 205
387 24 398 380
118 271 289 24
352 122 193 53
321 324 394 152
206 398 65 349
359 271 320 18
37 189 3 44
240 53 103 217
168 135 239 229
70 176 219 11
316 175 75 385
231 378 305 328
225 332 52 339
19 224 277 157
301 382 401 361
227 249 223 347
20 309 310 228
40 268 78 222
6 227 172 93
267 261 368 266
41 68 46 253
353 216 128 86
60 395 200 392
34 300 327 55
388 191 5 149
