400
4 151 406 61
146 176 206 77
74 237 413 4
305 311 76 410
186 190 239 262
102 129 183 304
68 257 140 15
220 375 126 21
54 380 37 153
37 199 47 412
341 141 170 350
308 187 270 179
325 73 24 36
352 397 25 82
132 109 11 6
241 75 414 253
184 373 357 300
281 404 314 358
94 253 381 341
132 100 365 45
55 17 333 90
273 132 50 293
288 246 173 16
81 226 90 327
99 320 108 303
37 34 55 362
182 243 374 61
266 265 177 153
124 70 213 386
11 75 52 90
256 255 264 136
50 256 82 240
118 349 198 265
311 219 253 47
252 56 322 354
283 126 163 367
316 190 80 45
410 78 348 74
401 148 129 243
48 411 177 254
178 337 282 83
335 188 393 188
195 72 265 256
14 35 378 168
175 245 256 296
55 290 327 203
0 346 236 260
14 79 186 181
400 57 380 149
364 41 328 354
9 22 58 216
165 77 393 49
371 246 22 336
21 163 235 153
236 414 386 225
100 236 83 252
210 90 244 394
9 295 284 178
252 183 271 373
357 215 375 120
320 69 20 266
145 298 413 115
272 136 112 91
19 255 237 146
378 178 274 89
341 208 116 205
48 139 241 175
58 42 101 413
320 161 271 367
359 5 36 124
252 1 416 202
404 353 92 198
291 300 269 384
420 392 194 169
255 229 258 408
404 172 308 167
178 11 309 291
373 52 122 156
406 236 382 204
227 394 336 55
378 91 242 168
389 250 262 134
133 3 36 410
383 133 341 342
409 351 237 160
323 146 5 293
397 35 289 294
230 177 193 33
317 277 287 271
22 210 236 57
218 396 74 130
271 374 107 124
38 313 94 321
206 373 372 183
214 413 380 320
254 195 108 378
271 271 386 0
147 114 344 44
239 418 310 415
19 383 97 239
64 311 299 174
209 318 53 76
334 401 399 315
339 187 92 79
110 155 209 351
6 94 338 419
379 166 257 381
412 58 160 391
208 252 233 37
324 80 374 270
271 420 246 385
250 10 255 62
8 283 222 231
193 397 328 309
205 96 20 276
362 212 305 311
414 324 411 409
405 33 76 233
298 186 247 24
140 267 68 142
397 395 175 125
359 98 159 52
266 50 224 138
221 371 163 50
214 263 170 112
315 100 347 206
56 399 66 323
399 124 298 306
297 78 42 278
420 42 139 258
395 11 95 292
293 415 24 199
395 260 221 112
333 61 92 365
31 182 335 110
284 103 412 367
186 318 356 42
360 113 379 268
420 58 257 46
359 54 289 250
342 322 13 135
417 17 34 267
358 152 344 210
108 23 78 152
321 268 394 96
392 237 144 68
109 314 410 265
199 230 294 372
112 345 128 355
380 156 372 138
68 326 132 392
269 146 189 108
118 198 150 42
81 3 69 205
389 93 62 19
30 60 308 158
16 177 44 177
247 131 255 174
253 417 184 240
154 53 387 354
410 111 345 317
62 209 409 155
5 117 325 4
102 390 245 281
86 280 291 302
85 145 100 356
175 46 280 15
384 113 130 45
362 386 150 20
166 301 59 280
334 130 168 41
54 226 373 340
169 389 415 405
389 319 94 340
225 138 378 87
1 293 81 409
194 401 72 23
99 226 253 184
38 125 45 121
180 183 29 393
311 264 241 158
20 310 47 282
34 20 160 197
184 60 280 217
323 94 327 350
181 143 147 62
161 163 7 183
35 253 196 169
232 60 54 291
358 341 349 288
384 340 225 401
295 286 34 286
279 88 142 3
339 38 120 113
297 150 181 399
390 57 72 199
377 278 249 84
134 61 401 309
354 78 236 46
210 143 328 189
13 405 14 380
125 195 2 44
82 407 71 284
76 333 369 135
330 224 341 50
159 173 176 103
4 406 383 369
165 363 11 269
255 407 53 21
166 131 90 418
415 289 214 259
194 365 137 5
225 284 234 408
210 165 173 191
199 335 134 301
171 87 168 361
213 350 174 231
16 73 168 256
66 87 50 310
137 74 350 21
184 62 407 205
17 153 168 173
293 8 205 258
324 88 368 313
373 164 292 229
97 282 57 66
126 415 67 365
208 183 241 321
273 188 107 214
218 344 98 330
367 395 245 284
89 395 242 224
323 340 273 257
380 217 236 169
352 114 35 311
43 83 353 228
133 266 229 341
26 121 303 223
326 408 265 359
269 100 200 193
69 101 270 51
63 316 99 269
100 49 21 278
417 239 375 171
257 273 75 117
349 259 204 96
119 14 80 328
358 228 314 142
81 249 65 300
231 138 63 239
240 10 162 134
363 221 231 357
401 101 300 241
285 115 340 370
153 324 240 279
83 107 268 7
132 397 263 363
255 41 333 175
213 153 190 113
387 67 48 252
165 401 343 34
51 195 187 280
271 124 111 254
141 287 168 111
44 311 292 409
130 43 334 194
262 267 351 53
278 298 301 13
199 358 113 27
172 2 188 192
0 402 244 341
308 86 363 105
103 230 31 335
120 178 356 93
298 83 247 81
217 383 162 135
153 21 346 271
408 283 405 284
396 7 249 348
198 81 376 402
308 375 91 309
410 211 338 33
305 247 338 51
103 416 224 200
162 158 243 28
210 130 71 402
248 342 196 328
266 12 56 67
201 320 26 194
313 395 169 341
13 360 249 187
42 7 25 78
179 253 302 262
211 319 146 377
50 169 53 0
306 22 286 281
133 397 66 345
320 296 66 392
131 56 100 415
90 300 294 385
348 11 27 13
250 42 28 203
262 303 39 282
184 224 320 16
78 58 98 37
110 257 16 136
288 14 150 269
275 228 105 0
37 29 156 336
58 108 68 120
419 33 305 39
159 266 69 322
129 13 236 164
387 36 145 175
29 147 22 315
354 275 116 412
265 175 114 352
84 268 155 0
390 315 399 347
418 384 159 398
43 116 374 33
272 141 247 181
12 262 403 23
57 326 383 68
340 166 321 296
341 161 214 323
228 207 402 82
249 189 269 321
138 21 163 347
401 279 401 405
276 208 134 138
210 56 31 195
160 56 123 152
127 126 370 383
279 210 285 79
376 319 346 302
347 270 273 209
169 180 175 362
89 73 192 17
347 326 208 360
140 396 253 213
42 200 328 232
393 90 17 275
387 369 172 272
198 0 114 70
333 4 245 214
393 17 201 176
128 94 53 38
183 8 16 399
8 178 116 41
235 13 134 394
164 378 253 244
239 81 263 361
382 282 287 139
123 176 251 165
397 214 52 290
74 42 133 359
167 414 366 266
342 233 291 192
253 180 337 201
341 415 142 198
310 293 266 101
76 47 89 317
416 171 254 147
4 22 187 146
306 324 44 386
34 363 33 44
223 176 413 208
173 154 51 243
18 8 219 52
65 385 306 397
383 11 146 66
2 4 419 216
174 357 256 286
109 304 65 143
280 145 101 119
415 48 170 334
168 114 0 81
381 417 199 228
17 280 331 117
247 371 294 321
358 66 381 282
195 273 45 85
187 288 416 63
385 254 147 219
198 351 5 331
354 72 97 388
280 292 324 119
29 213 218 29
408 152 416 411
44 321 196 278
320 269 392 86
333 188 245 76
24 134 40 365
198 9 209 365
410 219 373 80
171 260 277 388
102 313 17 310
36 325 385 235
17 409 389 274
