400
307 283 57 189
339 214 321 305
84 47 330 187
331 201 228 125
17 215 7 350
314 217 43 115
272 311 168 299
226 188 64 20
11 387 221 120
98 85 21 373
284 166 215 86
350 107 291 3
74 265 177 226
418 135 267 166
72 159 144 95
334 283 227 76
134 36 55 145
89 179 385 315
342 384 328 186
108 225 234 285
349 321 275 116
120 361 354 31
359 317 374 314
149 348 96 294
363 207 123 390
62 161 376 313
310 9 288 296
389 386 104 4
43 165 253 148
418 345 337 168
324 252 63 401
142 376 199 279
264 323 287 171
27 75 33 385
249 397 133 390
93 38 133 400
355 3 392 415
113 93 341 341
335 249 267 179
158 229 174 6
109 71 339 265
317 209 321 28
299 192 142 358
313 292 33 347
163 2 246 398
352 150 169 136
396 413 346 264
391 318 164 212
124 30 58 6
2 345 361 267
69 154 335 187
99 232 192 214
154 175 7 261
26 191 198 335
397 104 64 10
397 174 358 200
120 296 414 127
199 89 245 197
372 141 245 204
246 83 166 146
420 311 363 345
180 60 332 349
180 142 223 240
149 344 239 145
112 218 245 197
33 303 394 168
49 335 219 209
17 295 238 113
305 189 397 110
223 91 25 406
5 291 215 131
153 51 232 224
316 150 257 216
400 352 87 251
33 93 237 260
59 342 26 89
331 323 297 264
264 37 130 200
74 162 69 310
281 349 289 85
223 163 353 394
312 401 186 260
87 200 348 15
302 321 222 168
322 288 138 165
222 6 269 355
366 206 403 356
372 396 353 66
172 238 69 230
75 405 364 227
91 360 220 93
190 154 280 335
229 64 125 73
404 131 107 99
29 326 107 273
108 322 103 318
45 183 12 118
250 122 207 80
47 315 10 151
151 227 364 132
420 171 388 191
363 368 69 191
115 408 67 1
121 14 32 85
335 65 82 321
378 125 251 325
378 152 399 95
98 291 342 125
412 275 279 197
175 354 322 306
226 162 316 224
132 148 144 46
206 400 336 290
127 183 351 218
125 403 63 372
259 182 118 86
348 139 54 249
115 88 255 78
270 87 20 243
28 359 402 408
0 84 338 349
76 306 370 5
324 366 371 160
68 125 210 29
43 377 83 324
159 341 345 326
217 317 360 227
396 397 275 391
138 4 281 307
334 347 126 370
129 26 401 280
37 376 223 395
167 305 386 278
339 267 224 197
273 367 251 317
19 176 203 0
22 373 156 140
123 165 123 151
240 323 338 60
135 403 385 400
387 162 405 30
415 395 177 263
213 295 308 161
300 265 143 35
326 268 393 224
401 410 381 299
349 337 51 94
181 212 406 265
109 283 140 134
259 134 56 235
402 22 119 344
396 87 234 100
407 272 29 100
245 309 411 363
202 137 35 200
7 344 149 252
66 135 110 112
112 368 274 233
356 206 266 257
291 302 171 385
262 4 98 162
152 43 364 204
65 118 350 206
52 388 40 352
340 239 112 74
367 217 58 147
157 374 324 325
244 363 291 135
400 377 351 279
394 242 225 143
395 55 131 29
348 265 175 357
12 211 112 330
381 38 163 368
261 171 149 197
171 415 160 148
154 28 294 388
157 287 127 298
131 89 309 289
204 266 67 71
245 218 69 54
271 116 336 109
50 105 133 324
116 57 307 222
79 175 47 403
264 315 209 384
44 38 77 193
344 106 199 420
146 141 54 344
101 376 179 213
197 315 264 170
253 412 139 344
330 140 77 395
420 267 227 379
283 412 150 248
100 76 108 281
300 92 43 67
90 172 363 350
105 56 276 142
184 287 55 92
72 200 403 335
65 44 415 410
225 79 31 21
235 8 367 202
55 148 270 230
414 20 210 281
111 245 367 411
14 254 180 331
293 107 417 260
332 407 165 324
175 107 146 176
287 195 377 341
214 407 287 8
323 35 367 71
205 246 256 301
16 357 116 95
101 182 279 332
360 142 329 258
387 400 387 111
302 34 179 192
381 224 152 87
51 390 221 202
69 63 368 321
307 120 405 148
237 156 106 297
155 377 390 377
136 200 126 293
266 276 211 168
294 210 273 225
415 222 328 407
167 251 213 288
246 311 225 325
140 364 212 69
288 270 243 350
286 325 9 134
207 4 152 144
168 223 292 300
26 8 289 322
107 121 170 23
32 372 7 151
158 59 408 353
92 407 123 176
64 413 375 193
199 60 65 134
379 17 201 285
198 156 272 249
282 360 124 342
375 66 73 146
243 80 297 208
277 103 239 301
35 159 158 326
207 82 183 295
45 415 44 213
252 40 70 200
254 312 401 331
194 83 360 238
159 249 221 20
30 374 257 136
235 207 81 189
41 155 129 111
351 280 392 373
389 345 95 300
17 378 94 50
133 139 22 369
78 155 417 190
416 208 289 237
205 207 309 136
123 303 33 250
29 148 365 31
61 413 236 283
151 233 266 378
297 225 15 279
138 355 168 381
60 328 71 409
409 312 127 106
169 288 268 347
181 166 360 102
111 106 290 21
387 174 307 381
233 38 2 282
216 99 412 77
102 14 163 22
318 388 381 291
343 230 338 183
246 130 178 93
374 350 81 18
285 207 169 211
199 369 85 283
66 262 41 258
187 188 398 234
27 335 330 159
171 106 372 88
51 188 377 213
253 76 57 106
162 185 62 93
333 248 327 234
257 353 285 21
365 244 138 316
100 7 60 231
397 259 384 420
127 166 342 14
243 223 115 407
418 313 370 76
318 387 47 210
393 398 257 17
358 313 366 146
312 165 10 318
396 415 273 230
395 62 130 411
122 84 366 66
306 346 359 246
266 149 236 139
350 116 297 295
344 387 166 362
338 283 189 327
273 179 1 277
146 144 255 324
93 207 174 316
249 309 323 244
41 97 49 60
19 50 227 362
387 398 324 154
330 327 221 147
130 281 42 258
418 317 146 321
417 311 102 407
164 255 80 294
82 416 412 181
128 149 273 36
201 58 235 148
127 76 244 308
217 203 381 149
286 201 301 330
249 155 69 122
313 145 323 346
115 188 324 247
114 111 173 387
141 87 207 368
354 145 124 106
117 60 42 387
378 200 184 379
280 292 418 398
273 138 46 74
357 241 211 319
338 133 299 40
8 226 244 419
316 216 281 212
148 106 64 135
401 263 351 7
419 120 47 241
397 206 239 304
0 130 167 215
374 23 404 306
45 235 382 32
175 331 257 310
400 145 351 51
195 26 60 285
95 19 36 158
78 335 149 64
114 406 139 70
70 338 408 294
27 301 201 411
381 339 73 193
326 86 96 84
68 300 53 228
269 399 155 302
404 22 391 191
62 196 310 68
281 123 240 247
105 10 279 177
116 15 253 329
404 295 416 160
259 109 313 139
229 27 17 288
120 107 266 385
247 307 148 177
415 86 81 313
412 389 102 233
305 198 128 337
175 124 179 197
253 389 132 265
4 154 79 67
361 250 70 96
59 389 110 102
167 226 416 315
6 165 405 316
381 225 66 48
308 130 218 88
217 102 310 315
20 291 126 365
339 39 317 266
99 105 339 17
53 265 298 66
53 95 307 128
332 1 90 22
13 15 214 156
314 83 366 291
133 306 345 417
366 62 230 69
412 48 121 367
