400
358 37 154 120
362 384 68 217
131 141 15 210
239 14 137 84
52 32 22 299
298 52 126 152
292 324 214 58
31 38 83 163
119 123 292 77
221 300 118 50
121 73 97 22
309 98 9 120
113 194 357 174
345 8 346 179
108 61 213 113
184 211 280 41
279 89 319 27
157 289 60 50
292 122 292 238
249 103 199 388
124 121 304 111
30 228 275 176
188 99 152 257
298 279 341 357
125 364 44 272
179 31 404 43
251 103 312 58
1 416 285 160
312 82 385 55
105 263 47 339
288 309 142 192
300 221 149 33
75 12 93 68
244 376 280 252
407 194 355 347
262 308 65 144
253 109 337 326
211 84 326 98
310 344 313 37
88 415 27 381
215 113 157 147
407 234 310 282
377 40 14 120
126 32 130 229
213 284 193 244
179 208 264 205
56 328 134 237
179 50 383 164
41 325 292 111
395 302 305 323
144 281 200 289
365 314 266 33
144 233 27 372
13 347 258 338
370 386 200 25
412 6 37 412
26 82 315 238
361 290 81 111
162 20 405 378
157 402 40 349
238 384 394 270
338 132 30 280
320 168 297 221
345 174 413 272
372 60 254 383
365 315 324 225
253 71 373 127
43 388 106 51
415 148 166 2
249 173 264 99
178 289 277 224
64 231 105 411
207 322 349 95
81 104 131 235
32 410 248 25
191 340 3 276
52 169 59 34
32 21 392 107
3 361 380 224
350 307 205 312
359 91 232 123
139 180 156 161
109 201 87 136
224 414 167 77
205 304 213 132
323 412 82 3
110 187 220 347
43 410 66 330
349 264 396 199
169 21 265 311
166 86 52 276
118 242 75 22
381 56 171 339
80 44 408 341
171 65 324 24
217 295 271 70
84 20 232 304
397 379 218 397
278 256 127 191
306 9 124 145
64 327 9 112
224 76 95 322
122 212 216 105
159 386 8 35
243 316 145 228
112 68 277 210
85 130 47 152
87 186 357 22
252 388 196 358
294 140 20 250
265 404 301 274
329 184 103 113
22 185 80 397
283 383 126 206
266 46 169 263
285 358 262 54
75 229 16 147
44 171 46 255
419 339 183 102
28 276 104 33
200 50 244 128
84 15 290 391
292 316 83 40
106 249 199 9
110 397 138 345
145 219 377 79
37 112 219 277
87 238 11 365
40 35 267 233
37 242 163 261
9 306 1 227
100 115 280 276
324 126 167 155
160 17 238 118
346 319 181 335
126 271 10 379
396 300 182 375
66 125 111 70
46 343 100 132
281 315 401 202
62 184 134 6
104 228 56 220
394 135 399 185
135 111 300 314
359 290 28 336
35 271 93 25
134 19 35 405
18 154 264 240
198 353 118 263
392 72 94 69
20 121 135 128
110 342 378 236
162 342 312 300
207 119 160 81
25 95 360 139
214 149 276 322
291 380 156 156
149 10 220 385
224 360 69 94
92 7 107 172
256 228 64 378
197 83 419 417
99 314 285 6
196 71 239 78
303 184 118 256
272 376 245 60
52 317 94 45
7 248 181 388
334 152 215 242
199 360 244 224
188 35 76 31
272 99 159 179
193 410 156 162
79 198 175 72
254 141 349 41
307 1 37 344
54 406 392 228
230 94 312 189
154 254 80 231
247 321 85 266
339 94 309 258
384 130 185 114
198 342 275 338
306 37 38 114
75 190 97 85
211 246 174 69
206 176 266 246
107 152 160 320
123 291 6 145
109 101 231 420
117 356 74 109
346 145 368 39
275 109 237 7
227 293 287 364
207 178 399 214
82 204 354 405
196 364 55 280
229 365 280 406
62 420 139 38
260 38 50 387
123 136 315 352
157 77 209 77
337 74 201 375
285 226 302 275
291 331 70 20
167 129 152 269
353 96 78 296
290 164 156 343
310 356 154 402
333 352 67 44
363 362 83 5
259 45 121 114
91 128 407 357
111 164 225 241
83 33 214 298
5 301 62 197
268 182 86 226
234 214 285 45
256 356 138 102
231 359 221 262
317 74 306 174
362 340 207 248
150 10 263 327
178 45 200 13
56 141 103 237
269 78 339 325
138 335 382 103
137 349 380 251
296 120 332 115
410 302 377 409
194 399 21 30
122 157 41 412
142 114 62 148
246 66 73 291
4 210 103 306
391 228 419 163
315 82 326 242
346 159 397 364
140 108 146 13
141 250 207 49
41 58 349 409
62 355 346 52
139 146 80 124
308 28 180 332
137 405 215 3
213 70 204 11
7 368 37 264
227 57 68 403
135 309 91 79
378 115 87 170
140 236 291 141
162 132 301 412
382 111 63 236
88 129 260 37
300 410 188 221
241 358 23 337
267 75 242 68
365 348 246 56
248 214 44 110
337 51 130 40
145 12 349 102
362 197 252 272
83 191 419 142
235 225 35 125
53 318 301 237
258 113 210 371
297 402 81 397
168 221 37 326
298 49 196 50
114 45 188 161
366 268 58 98
27 206 71 165
402 183 42 137
334 62 259 356
220 376 337 187
124 65 224 77
181 188 405 38
97 17 369 134
15 163 294 7
189 393 300 152
77 104 326 15
190 257 10 30
113 397 116 222
1 80 147 379
44 334 139 185
162 98 388 65
365 349 333 384
56 86 39 217
171 175 126 228
185 157 256 48
99 150 317 47
385 36 68 194
349 267 74 389
102 123 219 109
411 42 65 208
299 193 322 132
106 201 363 413
349 41 105 173
49 67 290 203
339 155 21 206
144 316 276 189
307 319 212 31
128 375 242 244
140 248 56 374
186 274 106 256
409 289 373 30
413 99 109 419
236 244 284 91
173 162 92 151
320 69 244 112
269 420 46 228
278 330 254 11
353 234 248 300
152 180 184 206
63 156 212 84
257 101 54 301
294 5 202 112
335 365 139 183
356 309 1 103
50 320 111 235
120 379 413 295
20 217 86 174
72 90 15 234
367 279 201 52
326 237 166 320
233 179 406 227
221 298 403 173
100 133 336 303
319 149 307 185
367 364 135 284
362 312 414 88
177 379 320 351
50 304 315 252
141 57 284 28
270 156 105 187
7 329 77 63
139 77 88 10
25 295 338 182
125 54 305 71
5 99 386 333
256 377 195 357
266 213 319 209
62 308 138 249
23 170 159 338
341 90 290 410
397 385 8 175
152 326 119 164
332 34 25 377
256 408 156 41
343 207 407 274
195 419 21 138
326 341 360 267
206 179 296 267
294 194 407 42
365 382 362 327
380 129 150 180
414 154 348 195
31 400 279 249
52 262 154 226
260 264 231 159
11 347 115 185
368 249 301 311
376 152 257 292
400 348 15 145
35 329 328 336
345 238 79 355
22 44 218 365
313 122 55 42
188 59 353 230
143 347 191 230
367 263 65 14
190 52 218 294
347 65 379 104
144 419 213 148
392 252 200 258
335 290 165 101
86 219 121 402
108 243 332 3
271 10 307 245
143 5 248 115
199 365 298 136
296 27 82 72
134 250 195 319
158 381 197 125
79 368 175 389
177 393 393 305
237 409 276 18
166 347 169 406
283 39 101 342
37 382 17 267
283 163 293 80
18 28 152 69
282 198 67 372
40 170 98 50
163 350 37 159
94 387 403 271
321 235 349 390
173 91 242 335
60 325 393 116
65 192 420 177
