400
32 393 31 80
383 20 409 216
371 26 67 355
126 13 70 362
3 154 269 11
81 212 253 29
214 313 141 254
94 163 152 92
85 162 320 157
61 210 366 302
87 111 208 81
369 121 345 305
149 159 8 201
254 94 277 121
253 265 394 157
297 79 416 314
299 204 142 229
18 382 41 194
214 357 99 275
409 193 385 418
123 353 52 31
52 261 387 284
184 265 253 197
277 402 61 229
334 57 307 266
46 56 382 383
171 410 297 314
17 9 377 394
104 350 198 110
171 274 94 408
229 264 206 102
147 174 246 287
144 112 54 400
230 190 322 381
389 382 196 339
403 194 141 300
360 66 160 419
108 365 257 236
305 286 334 10
339 377 414 384
305 137 375 207
9 184 244 95
112 134 222 312
283 283 76 351
357 233 262 256
35 34 412 159
287 171 29 96
299 419 63 368
93 366 162 9
244 262 211 155
387 158 372 227
57 252 359 351
228 283 52 74
306 229 419 144
412 316 331 69
14 375 132 343
152 348 192 195
369 355 415 275
411 209 389 200
59 411 256 255
103 284 414 228
269 285 25 225
128 398 275 133
369 325 50 65
95 101 146 46
283 277 16 317
354 199 74 281
250 0 192 246
181 103 96 326
140 121 152 355
321 55 369 206
132 141 168 41
370 363 350 93
68 103 150 327
419 167 75 396
135 24 104 299
145 363 203 20
21 384 301 349
44 230 63 325
109 262 352 305
230 371 118 176
260 271 307 342
390 193 29 243
203 48 182 177
250 47 381 274
327 246 114 220
24 186 400 364
184 382 344 125
243 62 34 86
162 134 164 224
267 171 203 141
277 304 99 122
187 94 207 268
141 245 133 414
313 91 28 313
398 247 126 115
261 54 410 326
343 115 135 201
33 9 399 244
169 240 3 312
288 77 41 287
150 312 231 305
203 333 161 149
14 305 293 135
31 48 249 93
222 267 124 182
363 270 66 343
214 138 13 94
29 190 397 98
69 219 275 125
237 20 236 268
304 137 390 9
58 330 283 203
371 97 244 309
270 302 86 404
136 31 224 146
261 252 134 197
237 190 298 268
173 183 357 380
365 337 134 73
374 309 292 414
342 351 45 36
39 169 165 170
57 408 56 26
54 150 108 254
18 281 152 34
376 183 85 324
178 95 267 202
335 299 154 392
132 212 180 215
7 106 269 363
19 154 346 91
322 47 72 338
366 271 253 181
270 235 277 95
98 189 33 416
91 300 76 383
392 9 306 229
205 238 333 390
74 343 103 331
57 188 145 318
340 206 227 44
83 241 166 398
70 204 283 90
280 396 24 338
163 400 140 19
225 151 9 95
208 148 152 161
107 350 35 89
364 254 154 201
320 115 168 203
140 304 407 180
361 102 37 121
384 70 135 13
298 307 361 238
317 240 416 52
299 306 181 28
119 336 141 183
83 379 80 120
239 278 405 153
310 93 268 177
10 378 410 378
50 354 123 87
126 6 155 29
352 44 65 202
23 141 59 30
372 148 1 22
313 291 183 394
395 89 67 359
184 240 379 262
77 171 414 158
20 297 88 207
136 75 288 113
133 100 181 97
302 36 318 413
290 269 94 88
99 129 45 145
182 276 158 25
404 240 388 151
258 103 200 69
317 125 117 298
91 349 36 267
413 315 217 136
395 280 273 382
70 127 79 231
35 177 47 391
127 28 370 92
243 254 115 308
135 24 40 303
369 222 178 416
394 321 375 150
360 24 220 21
4 281 199 144
355 103 4 355
319 47 94 412
375 417 89 381
131 252 14 94
209 114 162 339
195 276 155 282
146 278 110 305
341 358 322 200
166 77 91 303
39 385 120 227
387 240 217 130
220 314 224 352
27 84 95 90
50 365 118 210
35 278 312 191
295 198 150 323
84 50 2 256
229 381 228 282
312 310 208 153
16 368 257 110
207 99 66 371
141 200 174 225
87 247 218 190
287 42 156 349
352 25 160 190
394 201 40 80
362 16 377 374
324 381 216 348
307 110 157 45
185 149 48 12
124 297 237 110
169 133 25 227
183 84 234 329
26 46 150 190
317 107 36 406
118 96 275 280
84 369 30 330
162 208 62 3
169 179 108 78
220 415 317 12
28 68 120 274
242 297 141 286
346 77 199 242
383 322 184 196
217 28 130 420
313 93 397 381
370 262 207 121
402 293 43 197
66 290 360 159
49 171 350 18
290 385 98 242
181 13 289 294
71 397 95 98
194 74 300 95
147 294 353 415
396 241 254 107
416 297 270 400
363 200 398 288
266 138 272 2
199 196 129 138
85 315 135 79
372 165 283 253
255 30 378 71
218 406 129 372
127 397 347 261
275 374 251 358
388 45 235 51
181 89 143 361
206 351 20 93
271 282 180 369
381 238 162 176
45 157 281 167
182 334 24 135
97 353 291 15
381 19 256 225
171 23 7 173
272 229 75 409
10 304 133 205
251 10 353 212
191 253 145 274
149 385 254 185
86 328 161 118
154 306 417 345
35 89 169 103
373 11 362 405
175 287 177 199
74 151 47 231
144 268 86 67
121 210 314 247
329 104 120 264
229 212 408 416
201 293 25 45
379 276 23 89
316 30 95 265
47 272 357 289
163 6 181 258
144 324 163 125
353 1 351 387
117 188 184 150
412 300 362 108
168 58 164 184
51 223 49 169
264 268 249 321
74 247 85 404
123 322 104 189
280 125 136 354
286 241 366 98
81 61 126 145
14 179 349 17
99 26 412 396
68 207 298 371
47 61 130 264
324 100 332 417
136 235 292 347
123 225 399 240
172 207 282 206
412 58 309 374
26 341 419 390
323 6 116 38
16 133 333 317
24 42 275 377
256 372 132 144
386 96 254 180
0 92 333 351
205 17 172 339
43 286 100 193
161 122 201 147
420 277 226 125
350 414 162 349
21 339 205 305
88 413 248 336
109 83 54 56
136 246 369 131
386 179 297 339
211 6 281 251
88 147 411 271
393 413 196 296
61 371 17 198
315 56 205 257
390 46 134 54
339 100 204 278
263 415 97 273
60 125 47 30
282 46 140 202
366 328 104 118
9 126 326 209
247 14 250 27
146 212 230 80
351 307 395 55
195 365 408 275
33 19 28 4
293 341 206 412
345 270 211 416
234 33 310 315
118 399 407 65
28 42 233 400
23 227 289 5
88 279 45 408
370 228 374 409
139 263 87 385
42 190 344 97
230 307 40 145
317 200 208 375
196 178 45 151
94 329 247 336
307 57 372 7
379 307 230 106
363 219 374 207
344 102 137 189
162 132 132 89
57 70 168 20
161 281 309 240
123 383 409 271
17 160 18 259
376 349 419 253
23 411 149 159
169 329 363 186
52 371 262 225
128 172 344 80
109 296 39 284
150 249 2 169
347 101 58 93
184 9 173 108
58 186 80 275
289 402 79 229
207 358 301 206
149 407 228 351
251 400 148 190
224 208 123 216
212 250 139 299
371 149 155 265
337 76 266 65
396 222 258 341
279 191 133 207
255 241 40 9
214 196 129 39
59 226 201 251
48 310 372 313
383 367 68 382
133 248 60 329
378 155 170 314
389 138 246 403
411 322 105 417
270 371 43 213
225 242 254 218
295 272 332 351
135 338 292 248
