400
402 76 104 359
2 4 183 15
56 71 266 194
363 34 263 136
250 200 176 331
282 291 321 214
183 142 381 398
219 295 420 284
106 42 118 130
101 363 371 48
270 279 275 75
68 210 309 295
69 77 136 311
114 172 126 144
334 174 23 42
297 251 410 281
28 188 234 202
383 79 105 145
67 98 250 376
289 317 232 284
245 272 394 229
10 310 304 120
210 187 301 250
238 247 23 50
42 175 397 304
72 306 417 261
356 398 315 17
121 373 301 183
33 23 122 116
388 146 363 274
380 353 302 72
326 156 162 170
181 189 79 380
33 16 375 273
117 101 29 343
263 377 113 354
381 199 207 29
249 46 123 186
345 193 395 379
272 366 75 224
66 333 258 366
380 164 203 136
383 219 409 17
86 15 360 39
367 82 134 35
203 116 381 229
360 246 140 320
359 405 165 352
287 241 71 36
145 142 268 234
39 51 78 260
152 335 412 294
171 241 105 81
138 29 232 220
133 198 159 9
96 274 228 371
388 173 356 189
391 189 65 105
123 354 34 200
172 179 159 198
82 131 310 138
139 179 224 121
227 310 36 3
23 111 69 80
236 248 161 110
71 271 78 186
69 96 272 24
98 132 69 82
19 201 87 286
134 148 65 281
209 230 309 269
142 118 63 282
296 61 324 370
24 353 48 221
369 176 138 263
301 299 22 192
275 315 303 119
412 215 278 166
300 316 365 160
52 217 288 275
300 219 337 87
213 269 271 377
378 108 6 70
212 171 81 341
165 372 361 103
269 92 133 254
277 270 116 176
193 160 183 23
83 48 173 178
253 15 191 308
49 250 413 25
115 402 249 175
48 177 66 294
2 255 191 32
368 357 405 151
152 243 233 282
248 358 345 297
2 173 374 394
130 352 312 125
38 395 88 44
227 365 74 34
300 275 300 176
307 71 69 93
350 177 317 298
168 390 86 6
178 228 301 296
320 46 174 134
254 391 173 286
329 215 102 141
332 416 86 264
20 387 285 395
80 57 263 17
222 363 105 323
207 306 122 251
225 100 140 159
311 183 61 303
294 182 400 209
374 35 150 352
261 6 214 154
220 313 175 52
240 3 67 177
188 193 387 267
247 214 76 85
293 154 244 22
400 6 118 39
170 255 380 215
194 255 345 229
242 224 2 309
314 406 409 1
338 315 12 214
44 77 174 358
155 329 371 383
83 199 412 44
77 352 63 232
153 310 371 412
395 114 351 389
208 116 12 194
79 47 204 136
342 178 124 418
148 391 117 391
365 266 288 10
231 48 287 313
232 65 159 417
393 87 239 315
231 84 85 355
230 242 377 295
257 98 371 369
144 420 225 133
285 284 220 252
270 283 185 29
20 222 198 302
317 253 192 388
367 23 275 56
94 17 79 192
176 397 129 205
139 253 61 420
362 224 292 294
314 416 56 332
308 131 367 389
230 316 393 274
119 133 25 187
115 139 78 221
238 218 27 158
307 204 110 362
70 243 103 73
78 396 58 379
419 236 64 357
46 291 260 111
109 186 243 53
317 136 57 275
59 28 354 61
249 205 184 209
345 397 147 351
326 129 230 295
55 326 171 67
110 380 341 193
366 201 142 339
61 54 105 128
77 299 329 137
104 216 31 376
413 233 261 99
366 40 323 331
342 408 261 376
274 236 180 351
104 391 8 379
43 250 272 135
107 330 304 94
123 279 130 417
384 302 195 0
135 23 41 47
44 77 49 180
158 320 114 161
334 96 94 300
389 156 68 359
409 363 309 147
196 28 251 173
211 112 138 257
253 400 82 136
338 313 332 177
348 294 348 191
174 386 155 267
357 112 123 346
27 394 326 341
287 320 128 20
169 132 35 289
322 74 181 359
401 91 141 284
395 195 278 181
12 279 355 15
90 266 1 146
101 416 413 366
400 294 43 16
40 188 398 137
149 272 322 393
68 181 412 343
220 132 366 87
416 84 148 45
46 369 404 37
265 131 37 315
251 331 323 163
315 152 149 394
188 272 346 405
278 309 61 243
54 134 36 28
67 0 164 7
157 53 184 324
267 291 152 75
133 99 246 225
197 324 189 74
190 293 246 209
350 280 383 301
314 1 5 126
308 361 386 3
363 151 32 63
302 345 191 140
29 102 404 32
382 310 409 30
179 173 224 81
384 224 304 220
118 20 319 315
417 282 202 387
207 226 393 214
225 331 327 420
381 3 389 147
35 24 83 64
79 227 401 130
335 113 89 336
125 271 417 89
375 72 71 184
377 311 27 94
112 194 101 217
76 173 141 30
128 101 181 376
115 104 88 419
130 120 302 144
294 306 285 418
127 157 213 354
390 280 419 144
304 367 281 317
367 323 147 167
306 388 163 176
410 123 169 33
235 385 342 114
10 417 115 414
105 385 402 348
7 340 90 308
385 70 281 182
211 9 328 18
63 388 179 171
349 258 366 159
260 348 212 141
345 370 374 52
36 357 384 140
29 294 371 178
117 263 201 78
169 337 181 287
132 308 296 145
139 152 239 313
200 25 207 214
413 17 343 35
191 287 311 413
318 87 106 248
220 364 12 235
231 400 340 256
217 315 227 76
13 268 8 53
402 109 114 136
411 270 359 344
320 10 89 242
29 312 88 72
271 183 8 230
391 35 238 253
103 120 183 145
70 419 214 103
250 44 380 356
96 20 264 131
292 336 17 167
50 286 45 304
116 184 169 308
279 220 323 168
39 134 91 195
184 308 32 402
42 22 365 258
58 244 72 208
146 70 4 268
45 196 89 226
16 180 370 290
122 414 320 206
235 186 304 288
77 235 4 134
24 264 143 404
391 272 137 158
74 51 387 371
248 149 331 145
333 203 90 309
364 193 329 106
395 285 247 300
388 414 74 92
403 378 157 389
331 313 232 236
72 284 327 84
368 185 135 230
355 403 118 370
257 269 333 74
48 7 86 411
220 323 250 180
314 218 252 334
280 323 83 210
394 237 68 88
31 34 370 9
47 419 63 397
285 371 50 327
216 296 206 210
323 370 84 220
198 338 418 119
328 368 350 323
350 126 184 83
9 356 211 142
30 369 50 27
163 154 147 27
89 202 202 150
357 115 214 404
337 33 223 301
352 338 95 291
108 222 267 349
362 140 270 278
353 359 416 23
380 163 369 140
417 325 128 308
179 284 246 311
367 140 208 22
164 231 14 188
148 240 33 228
52 405 228 201
206 362 93 231
166 270 346 211
296 134 414 223
170 163 256 136
284 299 209 148
313 413 385 285
8 283 377 241
266 350 100 111
155 120 321 18
144 27 234 121
60 165 256 342
122 289 248 108
179 142 128 122
351 152 100 104
103 382 260 34
367 185 231 159
126 21 346 21
308 301 151 214
373 270 312 401
8 83 17 246
20 287 304 106
406 407 175 175
130 123 292 201
271 36 227 402
239 414 127 221
183 262 234 123
344 322 112 372
411 28 3 375
80 245 103 247
376 88 298 363
50 395 81 29
328 387 70 220
220 20 162 356
32 300 117 191
397 217 116 319
156 42 334 202
108 85 238 379
334 51 181 90
4 29 119 420
310 368 407 165
73 376 124 159
73 264 217 324
271 293 255 283
248 193 20 352
96 87 406 290
307 8 44 113
