400
176 50 117 364
369 399 224 72
290 294 12 71
43 107 304 403
324 140 84 283
279 206 66 367
359 359 26 235
368 81 320 169
197 239 218 244
387 22 123 18
57 298 56 380
159 22 33 329
87 191 25 394
6 387 384 375
0 416 225 342
349 348 418 385
95 217 108 63
151 374 89 350
66 239 154 273
276 120 53 275
401 388 217 370
94 91 142 219
249 153 8 231
236 399 70 355
359 373 321 336
93 33 11 222
55 144 296 26
413 100 357 110
258 228 143 284
3 35 189 309
297 88 76 98
42 96 351 396
208 286 20 259
161 243 67 366
51 8 197 221
259 271 165 4
266 130 118 371
206 260 313 109
362 105 153 263
151 208 17 243
192 32 142 252
333 1 43 40
90 15 82 404
347 376 401 69
279 66 414 27
115 169 285 3
354 220 140 157
20 231 420 100
376 309 162 68
48 301 411 10
410 332 261 311
401 43 66 321
34 349 171 409
403 94 21 332
59 25 257 302
408 272 167 81
228 339 330 222
191 374 154 9
418 284 174 358
134 12 136 190
419 339 285 80
60 404 212 348
18 28 256 85
84 328 405 412
325 283 4 63
139 76 121 52
69 395 80 380
200 11 395 260
175 389 24 171
246 33 242 182
348 311 33 341
386 79 419 53
172 399 81 7
76 47 117 218
103 285 347 321
101 261 277 257
355 386 314 57
123 112 380 125
198 197 365 334
416 361 60 119
66 23 20 368
251 312 231 220
353 38 213 359
157 87 353 16
360 8 22 76
174 377 74 393
156 382 14 10
405 76 335 42
173 325 195 172
14 400 92 119
136 86 119 147
139 214 36 147
378 352 19 355
310 199 52 358
8 205 263 57
77 101 327 381
271 280 344 76
250 366 312 357
131 414 204 102
205 112 225 41
201 44 131 231
404 20 115 152
276 364 36 236
307 299 279 258
52 30 208 110
236 154 286 310
216 114 57 190
311 205 51 259
168 327 374 221
109 282 155 396
230 292 315 173
27 355 8 356
115 146 168 79
262 392 147 271
152 264 394 207
343 286 371 418
240 33 151 353
330 83 364 360
128 180 407 333
341 401 333 144
330 124 179 267
339 418 64 156
270 401 67 174
40 418 234 208
50 267 350 317
377 360 90 9
181 174 131 330
418 344 310 236
343 79 266 147
7 232 116 69
289 404 326 42
76 344 42 318
1 329 62 113
98 42 152 204
10 416 335 360
185 256 332 110
263 327 413 383
370 108 193 258
284 320 78 363
178 131 31 217
219 305 198 361
311 335 108 161
17 355 388 119
390 130 148 360
371 145 277 292
158 173 328 2
167 174 65 173
372 151 377 65
54 144 208 336
134 186 278 45
174 405 394 87
370 214 286 144
9 190 356 112
331 175 145 278
231 394 221 406
13 142 182 105
95 308 282 409
169 336 336 139
123 183 416 160
70 100 225 232
69 20 16 87
198 347 405 123
279 201 88 181
118 244 256 191
313 13 369 167
401 290 271 406
208 5 366 329
350 240 128 140
129 175 257 138
238 206 312 269
17 216 212 140
419 216 116 338
156 35 246 38
102 344 267 345
274 8 60 118
16 223 71 314
377 128 229 301
155 80 77 166
207 337 84 132
55 100 29 112
195 284 418 320
193 193 259 413
19 242 308 221
269 211 60 239
73 346 37 123
410 29 95 357
92 108 404 189
212 403 199 150
135 172 303 27
173 361 93 279
257 79 108 302
276 145 40 104
221 266 192 237
184 122 334 213
5 349 161 344
74 179 220 90
355 44 333 394
228 366 255 346
71 364 41 394
183 311 267 222
321 293 396 239
126 87 11 35
216 366 112 287
33 91 92 187
246 386 80 377
255 396 203 24
362 82 0 237
374 51 199 74
163 30 413 263
136 104 182 224
311 55 232 127
242 309 1 347
195 294 105 191
325 87 258 417
131 148 186 263
84 64 234 36
181 30 32 134
339 331 336 416
217 381 397 272
183 261 362 221
394 183 141 299
281 296 165 61
178 213 357 17
7 302 80 218
72 366 144 20
83 342 23 203
73 184 359 256
258 281 336 301
364 202 146 349
43 333 418 325
283 313 306 90
29 416 169 321
246 385 236 88
137 193 330 31
330 147 283 158
351 280 283 139
80 212 367 128
207 322 18 91
294 12 91 14
150 277 62 301
410 163 235 409
166 176 8 75
147 71 230 111
242 73 28 102
99 62 89 125
303 388 241 48
279 307 220 201
336 418 144 137
284 252 96 271
199 360 113 32
270 417 194 205
393 379 145 299
45 311 236 301
334 198 374 31
161 321 67 101
399 98 232 213
135 73 96 266
68 287 139 48
285 310 404 130
40 45 359 241
283 5 5 405
407 13 405 143
161 394 79 210
298 231 398 392
382 78 264 411
311 160 23 272
67 95 252 137
385 258 307 205
46 409 186 180
385 117 72 85
232 380 77 230
221 406 173 269
159 261 225 57
289 416 170 98
226 318 410 236
245 418 0 274
328 155 50 288
313 254 349 160
86 314 155 410
224 213 205 174
11 56 10 171
177 184 226 39
415 324 271 326
270 43 362 88
259 286 360 366
328 198 175 166
402 288 302 267
187 115 9 374
92 74 343 259
108 325 199 233
239 234 231 80
365 242 210 16
235 299 84 111
86 143 257 226
92 44 326 251
108 361 95 192
395 354 89 162
385 107 197 346
295 8 180 210
272 347 120 98
280 18 223 16
269 289 287 315
307 374 33 145
286 323 273 177
135 215 264 273
66 88 287 364
163 254 407 38
267 113 71 220
350 327 418 199
160 223 388 407
208 159 117 180
90 184 241 228
257 14 40 73
25 41 273 146
269 164 206 234
275 141 100 99
134 7 191 420
166 394 60 64
4 251 164 220
2 197 247 390
251 16 232 360
366 273 143 197
363 293 6 250
13 322 161 354
108 147 218 229
89 110 279 0
328 219 247 209
281 106 141 32
77 265 128 227
259 356 331 260
187 322 274 244
407 61 49 394
387 133 97 132
165 55 312 37
301 97 29 316
264 337 80 179
308 134 353 331
158 30 115 137
172 159 50 332
143 21 393 345
192 166 96 129
246 89 169 41
144 353 338 104
42 236 308 191
6 261 49 250
130 72 245 412
120 255 195 284
201 270 375 317
409 360 268 177
297 339 192 300
206 26 115 3
73 394 54 132
246 0 328 111
28 254 313 66
306 69 219 345
395 9 132 18
212 362 411 86
6 49 135 203
379 255 4 224
274 361 96 347
121 14 10 105
131 60 116 244
295 324 141 264
214 188 290 147
47 231 105 55
407 100 180 159
333 142 133 213
36 163 139 144
393 243 333 276
45 203 339 17
103 126 154 289
387 302 413 87
337 304 23 133
378 106 365 220
40 278 409 129
334 281 190 286
24 203 99 158
235 382 47 246
113 279 351 176
270 223 219 79
234 360 349 292
403 327 254 353
44 48 48 413
100 60 4 392
97 301 418 64
151 190 390 89
293 86 215 358
401 305 306 28
24 265 325 408
134 152 389 353
161 328 398 221
74 411 342 191
34 337 17 415
147 217 277 417
288 51 266 64
119 360 2 58
347 27 346 93
67 246 363 81
188 225 235 192
43 161 278 39
