400
258 211 376 412
51 381 270 139
84 182 359 48
354 139 406 403
259 163 82 338
363 140 300 82
239 211 212 269
368 117 260 49
43 60 220 317
38 218 113 303
105 369 411 196
218 124 329 108
244 168 304 108
191 347 83 102
279 273 188 414
160 315 291 350
115 417 351 27
368 215 245 355
414 148 306 180
124 9 251 104
316 179 124 220
26 272 11 142
389 94 79 201
13 253 208 159
151 276 240 384
300 177 252 311
84 146 26 74
123 190 162 209
260 360 236 127
192 40 198 188
310 269 29 272
369 381 40 155
391 249 136 250
222 418 250 338
17 84 108 85
77 44 402 64
172 254 24 4
169 390 342 254
127 160 150 333
4 123 120 282
333 85 32 39
344 190 26 237
400 111 252 419
100 377 306 57
76 124 385 402
358 78 280 17
350 366 377 367
293 195 405 198
418 146 372 119
39 38 380 37
103 347 50 203
178 358 46 285
35 205 359 110
174 55 29 164
256 17 239 407
124 141 183 308
7 309 412 62
256 8 358 416
195 267 90 149
335 300 164 285
322 202 416 158
367 195 35 107
15 104 169 41
181 238 19 184
176 272 153 227
23 272 42 355
208 82 235 361
361 65 146 150
37 240 140 237
388 311 292 82
398 47 311 75
267 66 389 124
309 154 242 249
232 317 414 238
338 162 294 177
386 264 20 9
271 68 280 233
284 211 3 36
252 296 241 153
255 67 303 376
234 218 113 329
125 235 324 5
8 183 358 94
374 295 46 113
68 341 110 38
116 115 408 92
321 416 257 64
294 361 103 87
169 160 374 49
208 320 54 138
23 86 223 399
227 96 239 211
291 22 112 74
137 325 216 275
150 159 63 346
348 20 255 233
98 261 235 332
332 173 175 299
144 17 279 357
74 391 98 170
93 309 185 9
326 150 314 60
71 159 58 356
53 293 123 328
395 75 299 107
125 170 322 326
373 20 296 71
263 74 386 288
392 87 316 266
9 144 314 349
209 179 186 288
77 179 89 110
373 28 341 328
92 67 326 329
351 175 350 348
148 10 117 388
383 418 17 250
87 351 232 293
366 165 162 12
15 322 384 419
361 318 221 389
306 396 346 263
113 54 94 126
57 305 413 23
333 395 253 349
181 110 111 62
122 251 7 43
54 413 327 396
129 413 348 151
103 298 217 315
142 286 186 252
158 356 397 401
387 375 137 348
151 412 318 253
163 129 127 287
119 89 340 415
403 364 71 132
72 346 164 415
299 141 209 11
12 356 215 231
261 39 229 91
322 353 57 89
208 178 110 389
420 58 397 53
311 114 246 43
50 96 296 100
141 185 297 363
350 254 263 224
251 265 217 376
361 119 281 294
194 140 8 108
18 22 20 41
134 184 97 275
160 372 250 363
36 224 133 257
336 72 357 81
128 95 34 229
191 290 323 247
334 168 192 87
48 236 382 235
197 338 100 67
391 182 303 35
182 331 136 354
405 29 2 324
8 333 118 373
189 138 187 220
361 92 257 89
221 27 148 127
406 19 344 393
362 159 93 272
63 414 196 415
148 176 350 213
238 282 40 38
112 14 106 43
88 123 66 142
174 334 409 186
167 60 140 319
294 98 337 404
73 204 397 107
220 111 385 393
271 333 408 108
126 27 349 378
323 409 376 337
64 239 397 170
17 343 240 156
95 405 51 116
13 43 28 49
331 288 318 9
142 349 403 244
343 389 159 394
316 179 137 233
357 401 268 399
127 199 391 351
381 354 54 119
267 356 26 271
23 325 29 325
387 183 401 357
410 384 68 420
368 239 88 268
137 102 321 141
347 381 163 25
317 220 87 265
243 117 413 372
67 413 85 394
383 111 164 408
187 406 366 374
371 46 90 91
21 412 15 313
315 377 108 235
400 328 8 256
344 87 184 86
342 306 75 211
119 298 354 190
360 243 270 273
50 265 227 188
101 218 200 56
351 174 33 114
132 329 187 365
379 229 148 215
151 256 223 266
67 211 201 284
271 320 7 362
331 176 64 90
311 197 151 342
371 56 189 67
234 294 271 18
158 104 134 309
234 78 368 257
405 93 401 99
358 188 117 139
62 412 116 152
27 203 223 187
85 128 174 351
414 186 131 303
198 281 318 114
95 410 262 121
233 202 186 281
385 155 42 354
350 300 253 197
76 227 65 293
76 98 227 243
19 292 197 296
139 42 30 312
47 197 94 390
203 336 35 123
189 339 102 294
360 190 345 12
155 177 218 151
58 213 52 108
172 368 27 308
85 128 250 345
295 190 31 71
73 84 128 336
96 109 219 172
198 157 232 261
144 20 389 61
151 380 88 85
148 19 254 216
287 41 12 299
192 308 377 234
292 373 149 191
12 5 132 298
285 36 387 399
9 319 92 392
378 19 410 163
6 240 191 137
40 299 17 172
147 347 208 378
77 136 276 307
84 78 298 362
205 294 375 22
261 25 345 141
238 105 195 363
103 349 179 195
342 348 39 227
73 114 92 81
240 140 300 355
358 240 387 195
52 127 221 268
348 273 268 14
361 321 284 97
324 254 262 355
271 145 92 261
352 76 268 201
279 306 82 391
105 289 241 402
166 227 128 108
95 275 324 72
241 368 55 210
8 358 133 62
260 275 402 154
321 403 293 179
329 331 4 121
308 68 75 229
376 362 111 210
51 86 305 204
13 217 266 313
370 68 318 43
23 360 382 408
394 27 272 390
192 398 56 396
143 389 200 290
81 9 107 274
179 322 217 391
170 134 78 411
6 338 267 222
392 171 188 188
135 178 373 390
4 370 418 233
355 141 74 315
113 325 110 149
83 172 315 311
50 291 385 310
407 350 274 77
304 175 197 336
250 178 120 365
81 105 294 199
304 100 283 270
200 148 167 233
386 100 273 184
136 347 393 203
77 411 322 348
236 289 334 312
290 87 358 279
41 175 302 303
200 111 283 377
248 400 17 25
373 237 43 137
215 72 350 242
251 216 386 396
190 289 104 21
208 299 389 163
310 54 325 55
221 77 233 399
44 250 327 351
395 7 186 291
414 179 106 154
154 202 286 342
247 14 408 15
80 261 141 192
167 391 401 119
231 347 381 364
291 69 343 163
296 153 84 369
243 150 283 39
53 367 333 57
256 8 261 381
54 301 404 74
373 77 171 90
278 129 401 269
113 125 289 384
258 5 136 403
14 0 152 229
192 312 400 46
348 60 217 375
263 328 266 370
203 159 52 193
416 291 330 407
281 171 120 208
168 65 311 213
67 98 265 280
230 271 120 244
392 406 23 89
121 21 345 283
224 230 151 318
69 45 156 157
407 22 10 191
189 127 399 85
121 303 362 136
383 260 395 231
313 202 204 82
124 208 75 240
331 16 138 144
51 83 255 194
84 20 234 394
186 54 399 347
227 391 416 320
157 37 12 241
130 7 86 36
226 318 108 131
62 234 135 21
191 392 180 77
360 32 416 52
156 0 416 249
412 374 341 68
300 245 266 340
350 168 366 140
289 318 266 144
333 271 123 400
126 209 396 68
273 330 88 69
123 186 45 272
96 258 46 339
270 376 110 351
269 398 89 352
100 394 330 140
25 124 264 403
120 228 153 88
153 343 410 215
144 402 60 248
