600
517 178 407 121
69 120 334 544
430 368 298 365
99 401 31 382
205 559 152 173
549 383 322 49
129 530 125 395
196 524 10 392
302 204 280 167
218 174 574 140
453 454 277 373
373 587 405 492
224 184 202 175
4 33 291 139
200 51 604 48
453 306 32 121
188 215 285 443
256 309 381 348
5 503 463 129
217 291 128 549
526 171 40 90
68 232 86 72
96 62 348 506
392 163 497 349
182 536 61 122
308 211 261 16
6 611 337 228
122 10 319 273
412 483 316 193
129 96 151 111
577 525 264 147
107 363 205 378
486 68 404 220
421 212 237 191
576 313 222 21
9 617 405 416
265 585 109 201
321 182 256 401
605 373 611 44
332 337 517 323
121 569 584 330
353 126 503 458
579 56 102 439
43 266 249 396
6 439 587 124
64 559 409 602
305 102 35 326
4 351 389 558
391 128 14 388
579 273 105 415
390 587 506 469
498 594 201 561
351 318 585 149
598 346 196 131
330 274 34 308
371 249 271 576
321 575 565 80
341 57 68 619
47 514 306 566
613 105 458 389
401 101 224 83
269 47 317 180
368 101 108 225
492 493 121 555
439 188 263 378
366 59 49 163
428 366 139 269
364 424 71 91
195 445 211 424
70 257 323 607
112 206 20 498
595 437 57 383
210 530 295 25
321 552 145 0
305 273 157 15
75 457 276 414
90 365 261 440
563 326 562 59
18 262 36 485
470 425 101 245
326 380 112 164
472 388 487 505
564 344 208 249
95 317 139 533
7 123 278 73
253 63 349 266
474 332 373 356
602 255 319 284
595 446 547 350
285 529 198 477
126 600 601 173
243 365 367 345
464 492 419 269
34 251 16 440
260 597 475 591
3 55 184 327
591 546 347 363
427 86 373 99
210 188 510 326
196 241 580 408
246 81 52 516
616 406 84 431
48 479 483 376
21 619 181 128
437 198 480 70
554 269 196 157
9 357 419 304
175 374 175 425
571 330 565 90
408 245 418 362
544 472 89 55
183 61 33 153
466 251 352 197
116 229 142 254
449 329 217 73
297 176 500 415
600 372 295 519
338 210 72 194
267 546 283 469
467 240 336 266
180 76 518 83
210 463 360 214
124 527 61 296
352 208 207 285
534 435 419 223
46 343 511 563
519 355 239 116
601 79 170 120
529 322 335 165
53 388 151 89
126 226 199 535
487 526 154 75
551 493 128 450
601 377 168 117
25 315 343 606
100 38 21 410
371 523 415 19
444 103 110 314
249 218 448 97
100 518 371 573
411 495 313 318
317 39 124 537
62 340 498 423
128 160 56 408
620 458 431 158
226 587 290 243
542 395 580 611
207 482 13 293
342 257 468 376
563 174 64 597
184 417 68 410
18 172 189 235
307 35 219 39
64 239 33 47
525 177 28 490
226 113 241 246
586 548 551 309
541 253 42 98
432 437 156 578
343 206 101 168
6 237 445 13
509 422 144 116
489 428 352 464
445 347 67 512
229 362 617 378
187 111 501 493
506 468 96 504
230 21 193 58
387 584 487 193
454 476 554 154
314 417 473 74
390 563 586 528
602 411 394 218
219 84 29 149
295 549 95 53
263 360 209 297
121 62 597 229
285 285 206 222
161 469 1 121
463 340 89 42
417 24 260 462
410 108 393 560
611 88 433 181
117 343 386 600
294 417 439 65
378 335 185 308
466 437 569 393
63 480 285 430
150 590 340 289
380 439 332 141
54 285 337 161
371 491 104 568
410 384 427 287
610 523 461 71
263 421 178 185
327 593 203 619
271 617 94 498
213 92 416 340
188 450 156 47
551 263 398 299
75 192 258 138
305 181 188 21
249 525 535 348
584 23 181 428
169 402 91 471
224 88 202 616
517 605 280 602
418 275 17 321
145 132 71 121
514 268 507 337
578 142 55 449
201 199 23 498
508 372 484 268
227 58 620 202
421 597 220 406
521 185 507 85
135 391 174 412
426 52 323 189
185 71 504 240
361 455 286 50
457 528 280 68
580 540 189 434
329 428 309 610
320 352 326 364
261 83 425 232
361 181 61 340
275 418 260 440
23 207 522 430
71 15 564 303
412 339 340 0
321 255 158 353
404 110 342 491
217 309 170 369
151 405 479 27
421 119 230 138
0 25 537 542
138 282 80 66
381 484 268 548
329 118 421 271
504 370 418 199
134 438 146 183
329 122 595 70
451 271 541 612
14 493 191 247
499 174 516 470
553 248 361 526
523 350 21 160
464 210 610 537
173 66 516 397
6 94 426 357
493 482 496 456
617 134 401 382
574 619 304 339
211 42 458 408
243 183 310 508
564 45 582 101
334 250 505 132
536 117 171 476
184 480 512 26
210 143 159 446
72 163 68 213
183 119 558 192
502 172 110 162
487 540 317 396
132 122 47 288
11 334 311 154
31 311 588 417
492 566 30 293
207 247 261 239
394 291 6 437
224 504 124 511
129 540 534 347
374 65 320 229
572 130 599 309
123 53 470 617
170 287 321 358
251 447 512 581
142 585 320 601
373 436 51 293
12 218 459 441
279 534 310 510
525 312 54 179
328 367 305 184
32 570 159 273
48 425 353 455
531 299 383 94
247 489 174 620
267 357 198 528
87 416 601 283
555 291 48 2
264 478 122 370
220 523 143 312
378 107 110 532
378 450 36 57
33 565 250 442
293 262 297 273
278 469 59 272
398 550 22 51
182 507 350 493
395 592 347 80
138 6 379 594
225 592 588 84
290 297 207 175
78 348 491 125
506 556 567 265
29 607 157 530
474 24 284 334
172 589 273 279
544 351 435 58
144 242 298 595
268 168 134 256
107 548 37 408
308 115 178 221
582 229 233 2
13 384 552 492
44 371 439 294
364 29 295 421
499 517 94 566
556 260 506 63
376 426 188 470
43 250 289 201
385 436 508 117
283 324 462 67
429 312 303 162
17 612 559 482
505 510 189 115
19 29 128 455
183 130 531 250
336 220 470 380
69 152 472 14
497 280 288 468
443 351 443 579
393 214 388 592
489 7 79 545
85 355 114 574
171 287 486 113
369 260 138 425
620 33 434 312
346 424 73 619
610 588 98 394
511 102 118 59
45 517 410 537
611 151 273 551
173 421 358 384
487 504 31 244
54 279 188 458
116 34 608 309
418 371 119 336
39 188 460 106
173 359 171 592
531 578 265 546
185 602 495 338
153 584 251 232
109 414 46 547
594 6 419 0
222 292 224 294
493 379 116 357
53 27 620 48
565 166 607 441
291 246 110 120
488 548 92 468
106 532 604 469
484 446 455 452
200 431 188 78
467 219 330 529
9 571 244 448
326 79 614 327
210 393 285 395
599 432 484 140
185 401 531 311
561 360 203 617
507 121 609 458
62 101 299 431
283 10 310 136
214 559 469 394
398 74 61 446
352 544 326 426
95 386 321 465
113 204 470 186
159 560 376 478
429 182 167 556
530 588 93 555
437 190 165 121
129 220 337 613
312 120 585 234
225 234 577 501
446 372 42 242
588 447 495 139
262 314 546 45
597 70 247 479
271 279 310 109
376 475 271 446
418 137 395 212
249 109 5 80
351 249 415 152
210 603 42 53
578 17 303 267
465 486 69 324
208 312 47 280
361 16 306 557
367 23 453 452
135 517 542 551
581 276 342 526
14 22 215 136
552 90 486 278
158 241 319 544
479 509 138 600
367 467 216 420
362 576 118 36
531 186 432 398
400 100 225 281
51 156 196 1
32 403 95 93
604 434 457 289
233 500 436 510
570 335 159 439
617 63 532 596
201 418 515 319
225 467 309 477
468 590 8 291
489 188 200 347
7 569 84 522
239 302 404 525
295 163 280 50
85 158 312 258
357 245 75 391
68 160 457 581
593 483 548 191
333 241 102 84
417 528 557 5
316 420 185 294
210 106 254 225
363 365 436 527
574 468 565 60
6 114 136 140
609 67 254 490
182 416 519 352
232 398 605 472
185 275 244 209
458 409 366 317
195 372 450 363
392 273 410 288
56 140 548 230
456 537 103 597
204 69 436 222
375 327 429 519
521 335 525 267
312 217 554 403
96 77 582 318
293 175 290 272
246 152 65 297
383 385 380 533
56 4 60 30
108 79 549 564
381 181 172 548
15 354 382 266
292 549 262 486
617 72 323 270
0 270 252 407
507 425 32 61
197 161 275 560
129 445 386 281
455 566 105 488
398 198 225 270
504 69 479 470
256 493 418 80
459 409 427 365
73 365 425 116
347 498 144 84
146 304 608 613
271 459 138 76
30 186 411 518
360 96 500 569
388 231 609 507
476 278 324 426
561 522 72 536
446 466 296 553
200 310 18 477
46 607 264 299
296 185 157 185
86 479 221 61
263 8 113 210
324 162 7 476
588 94 461 169
83 282 136 139
316 150 5 120
580 28 530 381
198 591 482 512
284 356 366 47
434 412 549 225
177 379 130 300
619 610 36 479
136 290 283 509
291 113 258 414
386 482 531 537
314 517 38 363
345 315 119 407
483 376 370 204
44 393 160 373
1 316 563 409
345 263 353 572
83 1 593 445
361 410 238 535
287 34 150 165
37 267 218 269
440 548 592 136
147 535 506 51
41 22 390 398
5 399 473 140
558 27 599 13
263 230 438 459
175 348 194 205
6 240 140 14
376 120 287 131
400 364 187 518
423 369 178 512
377 607 174 484
194 409 90 238
191 215 400 183
331 306 563 336
498 11 380 221
506 595 348 420
334 127 562 270
589 390 312 308
395 195 59 592
589 618 488 57
506 34 428 620
164 171 596 332
165 537 354 408
602 130 503 68
300 66 262 366
9 164 239 526
312 102 567 133
90 311 127 295
330 344 85 111
324 82 81 478
557 58 358 461
488 519 173 565
62 322 288 102
495 565 594 547
137 476 461 150
212 394 493 445
315 620 389 378
156 459 460 104
320 393 215 162
413 340 209 439
534 82 237 584
300 139 117 559
579 41 45 84
406 43 302 582
565 567 40 351
149 50 105 112
5 577 307 433
37 222 393 148
40 583 402 218
187 29 540 562
616 201 164 231
237 582 34 541
404 94 67 586
159 212 418 570
443 348 605 518
163 397 168 417
65 104 466 208
162 554 540 492
37 37 104 451
55 97 134 159
422 280 129 298
506 578 123 20
447 174 153 614
607 408 561 261
38 100 559 467
491 233 154 482
155 110 350 71
307 187 341 257
46 372 50 258
457 42 494 30
79 5 590 74
419 369 300 298
4 128 354 236
0 154 425 227
611 434 310 447
12 145 238 317
578 504 26 227
508 164 201 36
71 314 70 364
228 598 533 208
344 140 125 183
512 0 48 444
413 175 85 246
197 189 524 59
32 454 473 482
501 86 204 382
502 87 93 0
435 383 619 273
153 221 406 515
370 101 33 144
0 74 1 268
402 330 54 451
13 8 264 416
312 296 618 391
