600
80 503 38 84
209 336 66 135
339 444 118 99
299 183 36 450
390 411 303 179
32 260 601 436
544 363 29 167
19 79 562 269
541 245 212 554
288 232 222 507
204 68 554 80
355 513 179 225
114 217 80 303
298 523 135 479
528 417 374 384
600 31 616 312
445 463 158 444
51 487 494 362
532 471 151 213
120 592 521 169
34 602 610 226
444 562 182 87
560 354 270 125
588 46 393 28
353 119 346 0
0 231 216 415
573 417 487 424
485 45 31 407
552 592 320 565
340 425 79 525
581 6 306 105
396 432 221 135
324 496 160 392
313 543 30 338
161 122 502 567
215 362 582 439
536 191 8 151
96 60 260 414
72 422 370 322
326 227 70 207
109 458 9 571
2 40 282 201
293 430 238 256
269 368 346 514
494 246 133 44
311 141 57 275
562 275 158 89
157 297 433 389
365 115 220 374
15 603 310 189
30 250 364 344
244 415 514 486
599 538 429 519
273 321 0 137
476 562 31 134
50 554 43 422
509 592 92 594
419 360 585 486
76 240 317 420
496 393 381 327
302 51 133 216
406 124 279 309
219 298 125 560
585 104 298 57
490 75 326 242
156 530 258 271
395 606 7 357
171 203 57 293
266 552 176 601
451 5 601 338
548 156 397 403
377 147 194 480
334 229 540 462
133 425 133 35
267 348 73 317
449 231 216 458
164 112 221 58
282 155 524 264
399 110 166 131
76 264 297 322
538 494 380 201
554 281 212 125
20 248 40 289
343 82 38 183
432 426 208 129
280 266 433 91
591 612 5 360
136 539 328 185
55 468 351 320
94 404 55 130
228 51 33 68
132 441 601 523
238 591 81 215
433 563 208 486
136 569 522 525
396 168 356 374
186 253 417 261
207 523 92 288
216 312 551 287
183 53 373 252
293 296 59 45
561 178 500 84
282 541 576 560
415 262 491 29
606 17 197 211
51 271 579 294
145 77 273 75
363 124 451 43
128 165 359 46
491 479 583 513
131 463 500 239
47 525 72 328
208 565 400 372
337 207 608 85
39 125 132 362
384 199 414 389
115 95 605 171
572 574 384 608
154 25 207 543
36 63 236 541
1 502 94 397
298 403 205 523
517 408 469 468
616 200 377 224
351 398 294 231
542 405 439 556
202 569 123 301
405 239 575 250
195 196 104 470
474 335 284 236
152 483 54 574
240 290 348 389
443 37 85 367
69 258 156 594
599 91 77 11
208 283 299 616
255 399 418 336
315 232 266 531
219 126 170 262
366 526 206 486
234 532 303 364
563 37 500 210
286 310 411 269
547 590 309 485
136 371 329 183
145 267 155 37
156 2 15 175
387 331 581 308
531 104 201 333
254 36 292 364
167 189 573 114
412 227 142 447
574 572 558 180
296 499 171 7
520 483 41 329
395 298 75 514
318 285 326 49
302 263 178 153
281 211 444 17
226 510 262 319
134 374 370 38
338 259 23 612
254 118 430 270
155 516 254 607
430 466 460 328
556 111 112 463
16 12 89 590
510 395 239 613
180 548 569 542
305 267 33 417
271 308 89 326
317 86 553 248
544 203 275 369
448 513 144 424
488 373 197 230
29 589 359 471
333 322 163 567
307 68 603 47
494 184 353 421
591 422 200 150
408 520 208 259
431 527 353 208
368 287 217 356
55 23 106 607
211 479 324 348
509 455 547 81
614 434 446 33
618 73 254 33
258 66 191 241
459 364 452 590
24 394 506 168
206 396 379 464
59 231 52 465
317 19 410 543
544 65 158 459
335 380 151 40
593 255 596 578
370 458 260 71
381 277 457 477
226 100 223 323
101 372 297 104
387 80 609 446
462 463 294 391
527 4 598 407
573 341 228 157
85 476 422 160
219 559 279 618
122 434 618 616
84 50 595 490
275 463 383 0
380 179 372 454
401 424 355 511
138 381 527 612
309 82 326 156
319 572 425 251
280 375 256 184
247 424 96 355
605 478 399 40
112 529 401 0
291 487 375 591
187 544 242 579
268 491 56 222
66 432 463 216
124 368 41 442
233 573 176 475
108 249 501 7
364 383 2 213
579 203 620 193
485 90 26 539
335 395 491 604
428 84 598 490
435 67 157 210
291 281 614 149
429 224 51 218
612 19 319 477
373 52 501 89
617 278 342 92
529 440 164 606
183 65 286 265
82 127 438 345
540 57 460 32
501 243 169 388
386 459 488 216
176 462 123 327
22 288 104 57
193 422 261 231
521 119 591 76
80 251 93 504
70 544 585 114
416 205 174 85
172 410 92 11
436 196 471 8
20 42 163 77
221 223 450 485
395 224 68 242
575 119 318 348
244 49 619 318
253 412 27 46
576 226 306 260
504 526 53 467
186 456 421 310
18 270 98 281
587 32 567 564
320 418 439 359
328 614 207 603
259 123 186 414
315 227 162 394
454 68 351 133
295 583 26 111
596 49 32 207
286 235 593 325
294 17 361 399
9 38 470 383
152 19 288 192
572 395 492 44
30 228 397 431
384 447 575 302
432 157 442 522
417 174 277 439
134 354 447 342
62 232 574 508
359 239 241 14
128 527 385 60
306 109 472 217
240 351 16 183
48 373 544 493
69 452 131 199
366 282 68 125
153 542 263 266
106 504 69 433
452 438 474 450
45 489 173 335
519 25 195 120
593 464 165 197
483 40 324 497
181 274 275 112
93 485 356 367
433 485 267 538
301 612 315 513
374 104 451 560
247 6 167 267
217 335 220 212
151 318 34 193
362 519 302 501
62 318 391 512
617 132 1 47
287 31 57 318
457 574 121 454
190 295 211 565
455 57 50 272
40 187 322 51
367 284 46 503
252 38 245 561
456 21 46 56
15 153 567 530
370 482 140 42
118 318 111 429
280 575 52 376
614 276 359 468
23 352 249 500
334 129 556 311
382 306 185 11
135 372 385 468
99 277 355 592
458 112 535 478
42 112 119 163
80 311 444 366
372 272 363 497
42 410 225 63
157 284 294 78
512 540 506 214
251 173 594 289
329 264 53 528
513 558 567 233
289 317 422 156
447 94 19 344
384 422 332 296
351 261 581 556
386 57 169 382
49 503 279 451
43 424 200 9
495 106 162 571
551 55 498 257
451 136 525 49
423 42 518 247
262 13 226 587
257 281 604 536
477 205 484 357
411 606 528 181
483 233 413 284
429 93 287 106
198 195 409 245
542 112 162 604
339 590 597 460
19 5 96 613
484 610 134 463
367 64 410 480
351 511 609 565
404 68 435 278
390 189 250 483
283 487 120 133
108 525 8 565
131 150 23 6
488 370 88 188
378 79 586 608
213 88 57 440
183 289 186 105
83 12 294 279
617 435 62 519
251 591 418 224
232 295 140 423
245 594 373 341
588 461 599 295
316 170 145 48
199 363 273 509
19 240 107 500
248 502 88 267
16 159 498 190
592 455 197 375
15 335 78 553
48 218 145 546
165 323 527 84
163 358 229 417
62 537 365 185
344 282 579 0
574 442 584 88
433 99 446 387
331 308 185 413
411 574 270 379
567 472 254 392
210 523 575 370
450 153 491 328
217 489 243 274
444 465 313 95
166 553 151 13
560 106 199 253
513 272 463 305
50 560 590 520
85 72 213 215
291 98 313 370
287 87 393 112
455 56 73 411
98 53 541 347
362 530 357 133
63 617 101 492
52 356 119 457
23 293 589 192
321 62 258 238
362 451 400 208
8 128 16 400
204 451 499 280
516 62 321 7
507 258 225 466
485 555 541 32
380 340 8 36
396 102 425 64
455 529 81 149
17 610 216 443
52 366 587 578
470 608 216 114
365 197 220 42
441 512 454 551
507 324 167 273
215 394 605 426
401 186 480 224
472 27 527 370
413 225 330 395
135 515 28 539
225 367 201 217
404 340 6 400
121 428 345 475
98 329 22 474
283 570 249 277
29 39 52 248
492 233 141 300
520 501 139 523
538 147 386 595
607 348 268 108
236 590 542 209
175 235 379 611
82 168 441 190
522 397 456 579
17 176 193 281
285 421 159 416
319 189 143 456
567 320 139 221
101 489 354 95
142 226 355 25
175 106 358 528
392 68 589 497
44 239 478 490
580 539 363 11
481 167 493 435
455 481 549 398
132 567 286 411
495 244 263 136
475 597 24 202
296 58 515 378
518 570 251 277
187 139 117 446
2 423 320 232
219 599 448 312
218 568 508 499
576 357 367 539
97 348 297 518
524 452 61 300
146 191 299 153
20 107 307 119
153 101 436 403
266 309 523 369
582 209 69 556
48 115 445 47
250 535 414 412
414 288 51 416
72 609 145 530
56 62 602 428
593 52 280 256
443 590 313 74
205 98 345 438
230 531 479 514
439 262 78 493
569 389 320 352
271 339 189 54
239 15 110 553
389 184 416 380
501 514 121 224
537 174 174 366
241 513 182 298
507 477 411 426
460 350 450 126
133 181 503 109
485 507 170 457
273 580 369 220
350 57 278 141
19 606 608 505
379 123 195 15
346 534 525 457
428 445 212 70
469 284 491 431
581 48 192 93
342 93 373 202
135 329 256 34
171 238 530 202
191 271 501 163
92 232 11 337
20 285 5 187
397 199 444 84
518 303 445 553
189 286 349 236
46 498 142 379
300 360 496 45
302 100 546 482
563 360 496 415
295 135 61 107
291 300 598 2
329 367 403 276
370 619 134 122
162 589 337 553
507 190 498 515
446 314 578 598
219 481 192 441
280 339 391 25
21 375 440 543
598 362 494 3
540 335 395 63
606 51 51 22
117 232 488 201
98 527 209 127
47 166 580 423
559 503 485 155
174 421 537 295
507 556 507 290
534 579 563 503
466 171 220 478
425 244 55 219
597 348 221 322
475 577 578 365
514 521 89 91
86 485 394 492
497 554 545 579
320 236 325 346
198 337 254 80
440 100 306 492
462 118 129 281
328 473 391 443
259 533 411 262
81 519 402 307
368 322 502 485
378 380 42 350
314 44 179 584
230 352 618 72
88 388 523 195
17 92 453 323
387 32 308 344
342 36 321 515
287 104 493 407
546 321 462 432
252 40 204 511
395 524 344 560
487 4 227 119
563 386 605 247
351 74 230 411
606 109 566 110
122 166 448 486
324 279 201 381
124 11 193 3
526 182 299 122
477 267 571 201
208 602 383 224
254 32 581 20
228 488 317 279
205 185 430 181
232 556 424 404
121 328 261 370
423 362 448 548
439 453 382 397
320 240 491 15
41 58 309 588
452 503 366 144
178 481 170 407
367 534 237 316
42 328 371 227
478 565 26 502
502 527 171 354
83 162 165 526
237 405 98 612
265 151 226 171
355 586 316 600
157 494 519 398
224 37 502 296
205 308 128 321
522 36 53 591
441 100 529 403
195 340 454 511
133 528 379 484
502 76 537 3
365 82 293 295
233 455 539 72
464 194 334 596
365 153 298 46
