600
330 98 317 418
168 33 438 225
425 327 49 310
313 92 322 46
571 563 272 145
235 126 503 418
544 251 344 529
546 0 146 185
168 132 442 304
480 243 195 81
267 226 32 285
393 250 41 195
494 106 506 364
117 317 266 509
123 89 354 463
207 554 25 581
536 271 145 274
468 130 75 318
444 249 96 373
121 589 116 599
288 473 141 43
343 80 212 106
83 417 118 225
333 388 461 396
84 357 218 134
273 478 263 78
136 73 258 97
534 251 288 345
81 107 53 163
335 477 109 305
446 94 438 175
515 371 216 515
566 363 217 288
235 595 122 263
7 326 10 125
437 613 617 102
309 124 140 278
121 445 167 121
34 313 34 469
164 102 355 65
249 336 485 360
600 385 608 302
474 540 181 122
153 155 234 2
130 220 234 261
214 605 508 318
156 318 167 605
275 327 49 89
551 321 619 336
233 415 203 435
408 537 288 202
518 327 127 521
189 158 543 111
550 565 553 15
35 57 389 434
206 237 383 175
566 561 224 394
85 404 381 273
309 399 288 274
444 8 47 302
279 573 4 554
380 246 548 224
381 4 386 331
200 115 77 456
30 603 356 444
281 347 247 427
360 528 23 209
162 247 314 577
59 526 494 397
396 565 167 69
272 256 190 14
562 73 608 281
518 109 520 562
36 240 146 279
399 424 134 484
41 486 29 423
141 56 607 15
240 523 427 312
90 195 525 415
210 0 58 391
130 289 277 496
595 483 551 410
196 287 560 442
213 251 445 449
117 156 564 433
412 187 557 232
410 414 416 150
473 141 607 511
293 265 500 236
569 385 89 582
441 153 283 209
228 388 500 253
172 294 100 555
62 382 549 592
536 203 406 352
547 599 334 368
46 10 284 456
204 160 314 233
121 595 550 603
93 141 173 482
513 528 482 178
614 25 146 321
226 601 88 501
508 89 372 306
270 561 416 13
599 465 549 291
377 206 141 39
200 260 120 330
158 424 261 424
529 143 373 299
410 418 404 11
297 581 423 332
240 64 325 584
133 447 230 424
516 151 404 437
58 332 17 362
513 433 164 77
523 285 554 74
519 451 113 221
72 425 406 297
124 258 136 200
291 127 63 454
45 30 488 460
246 79 5 74
494 453 193 516
567 284 124 464
271 49 242 130
232 582 207 47
232 347 369 16
612 263 430 552
457 20 357 283
449 34 522 431
560 579 470 195
483 183 154 517
74 615 512 600
98 1 267 540
213 551 402 559
134 139 449 438
515 294 142 565
294 610 435 1
206 354 87 389
162 225 493 20
263 462 81 179
46 509 285 463
3 281 620 517
74 582 345 616
31 423 176 221
416 399 225 339
367 24 278 141
108 233 351 494
324 564 531 59
411 294 529 260
575 439 390 111
606 383 563 582
511 100 251 137
288 96 605 350
372 390 76 619
37 475 202 131
137 253 260 164
334 28 573 377
104 115 419 86
265 393 579 21
176 370 353 530
233 439 22 536
520 394 350 260
509 452 414 409
245 180 352 90
295 112 284 207
69 60 295 539
137 476 44 75
460 354 444 8
305 113 143 167
493 38 470 467
351 291 540 39
509 584 356 561
349 483 81 524
289 250 339 72
300 438 434 381
300 185 489 444
490 608 213 199
562 216 180 538
451 225 245 589
451 364 373 26
33 111 143 511
459 166 527 123
518 489 67 252
344 93 39 198
458 260 335 16
147 230 444 571
212 338 46 82
563 514 138 229
316 139 538 429
197 540 88 441
200 299 350 573
269 385 345 91
151 294 551 304
320 620 202 90
181 419 495 177
403 268 581 242
29 456 471 570
52 454 528 492
607 460 593 122
329 614 586 300
250 208 295 485
372 201 439 569
301 39 470 519
78 279 508 49
489 286 484 522
232 188 321 306
613 605 16 200
479 18 484 4
587 610 457 504
325 231 490 596
202 255 371 470
120 551 617 502
573 525 224 391
261 614 266 263
295 331 78 47
81 179 216 15
365 53 125 515
492 102 145 228
354 117 152 262
337 368 402 608
612 365 503 146
207 90 320 526
85 522 31 563
138 471 9 233
169 479 130 392
481 556 37 542
134 574 129 265
320 230 316 571
389 267 246 616
355 519 86 554
155 613 420 198
25 568 434 300
303 518 227 543
263 37 380 208
453 64 281 583
615 287 334 551
504 98 180 116
552 231 397 354
111 167 320 431
236 77 50 273
522 595 2 16
156 379 330 218
447 525 89 191
339 62 271 474
451 426 187 489
140 422 507 540
561 528 136 232
152 205 89 50
9 355 591 474
258 602 42 208
260 2 409 616
352 385 334 120
254 160 195 179
200 157 327 255
369 438 435 549
89 375 422 328
337 512 239 126
459 29 36 18
310 281 616 610
75 480 234 439
262 248 485 122
416 53 236 209
123 486 422 212
100 497 277 565
424 495 202 300
1 117 71 207
67 148 332 560
394 345 499 251
165 409 192 598
181 137 274 592
552 349 43 265
555 615 207 103
476 330 497 92
168 194 495 154
171 554 383 529
218 143 81 288
479 73 341 563
324 216 223 423
324 111 145 349
173 195 332 92
224 183 448 425
3 235 33 605
176 479 174 1
398 270 326 236
593 430 518 232
239 606 479 351
162 481 473 292
467 235 530 323
390 476 264 344
408 347 399 310
34 39 576 597
131 92 238 268
268 61 286 92
314 553 363 495
514 288 261 609
159 146 353 376
467 66 370 315
261 556 612 193
74 12 592 310
115 216 37 582
559 0 250 131
487 352 562 385
545 456 204 222
386 290 263 162
180 151 541 160
358 349 552 88
38 441 441 279
423 128 602 361
37 439 540 248
297 597 422 103
262 55 367 305
77 7 522 606
346 167 339 258
398 300 140 173
575 137 584 251
108 70 505 256
23 482 1 189
434 343 224 589
544 151 246 334
184 120 73 594
76 608 316 593
576 324 175 535
39 343 619 245
121 19 56 533
571 472 518 184
321 482 443 121
595 492 436 2
176 344 84 593
32 1 246 600
140 182 101 140
238 489 446 399
449 499 402 550
129 352 474 352
486 236 419 411
366 249 542 565
221 522 224 124
298 451 335 186
538 59 406 536
268 593 58 33
528 229 355 142
288 152 554 608
328 313 335 301
550 94 546 38
253 528 236 496
540 617 337 408
295 301 502 153
144 170 587 354
609 338 416 27
10 519 371 195
91 396 157 548
417 185 485 490
349 414 394 528
377 430 179 349
195 83 320 385
297 424 519 528
285 357 332 133
127 488 112 50
448 377 614 192
76 507 205 407
407 107 359 541
485 8 534 609
458 430 504 283
219 582 151 67
244 178 282 203
248 496 317 334
541 471 195 390
600 296 402 589
596 468 524 427
223 118 435 262
568 203 483 229
500 231 550 528
445 404 523 201
541 5 446 411
171 175 414 336
306 390 429 56
384 364 195 24
275 613 108 603
477 427 478 137
555 36 614 322
466 9 463 389
459 96 116 604
518 357 106 515
42 493 125 584
581 202 545 271
336 433 233 178
371 34 63 588
319 123 514 615
159 104 84 9
8 487 158 274
85 188 301 473
317 200 613 492
376 408 310 513
590 75 2 10
29 61 469 274
253 415 157 420
269 285 74 575
601 601 477 144
133 92 363 51
520 205 75 520
39 426 18 50
161 329 279 440
414 359 561 499
528 5 586 156
527 512 524 566
311 239 591 381
358 284 306 44
464 308 227 486
148 272 270 163
70 52 298 512
362 461 163 309
289 312 259 16
196 183 113 194
168 178 574 366
194 405 134 0
483 463 549 73
559 441 430 294
252 48 560 181
72 494 91 484
10 488 197 66
502 58 151 197
606 252 514 79
360 353 543 525
176 397 559 119
341 477 384 338
224 42 120 387
449 425 558 33
302 528 197 77
108 190 601 98
277 190 520 54
158 23 309 48
395 21 243 464
187 13 588 126
404 328 273 370
532 172 105 432
206 64 105 429
562 190 99 358
372 202 455 425
423 153 419 301
138 119 446 431
375 42 485 206
225 27 217 202
30 173 591 576
1 5 281 49
358 462 515 206
488 462 100 65
462 392 421 143
161 509 564 280
429 396 367 338
116 201 574 133
434 405 233 3
185 48 416 506
25 479 205 468
312 182 135 230
261 136 32 529
205 603 526 172
90 318 172 545
44 44 539 604
98 486 534 439
69 482 451 102
270 441 204 545
445 620 413 472
217 510 123 508
578 38 380 366
548 356 416 271
424 225 19 492
134 593 595 431
61 341 444 141
487 509 295 136
226 67 610 42
425 221 188 37
431 524 363 615
260 361 243 599
455 334 174 71
569 450 51 222
427 314 358 526
51 208 563 489
153 385 431 490
354 2 191 529
37 444 547 530
283 217 121 191
419 500 266 371
276 454 490 284
409 507 187 474
580 373 79 182
537 180 53 194
355 211 260 77
40 179 435 519
93 570 359 343
16 606 356 148
118 9 308 130
555 614 298 568
461 296 249 218
121 422 529 118
205 151 72 528
327 581 128 516
504 567 36 124
307 69 185 506
54 324 393 72
131 141 173 46
103 403 255 338
571 143 470 381
517 296 110 272
219 113 219 396
427 130 155 13
268 148 208 189
254 362 575 125
315 460 201 181
342 277 428 605
407 368 271 3
194 537 484 450
580 116 499 261
199 3 352 523
34 210 476 455
212 10 132 50
250 325 489 127
517 85 590 126
298 337 322 14
122 333 355 396
159 302 543 411
318 346 98 281
319 443 52 292
120 86 375 399
173 565 145 100
286 206 164 281
86 294 210 46
194 177 70 574
572 475 466 71
227 34 522 330
264 408 94 527
550 96 123 432
532 247 543 140
460 372 458 356
107 312 95 267
20 367 86 91
207 316 618 549
376 402 245 475
339 77 413 578
346 257 134 83
208 205 442 311
555 567 56 356
410 117 418 577
235 413 185 463
347 264 179 123
392 121 609 120
299 561 18 155
223 396 309 462
503 421 162 102
432 59 430 470
292 169 186 92
118 569 101 116
329 358 318 15
116 20 388 469
372 143 330 547
477 403 528 156
540 619 119 460
419 312 35 283
83 367 123 602
37 218 608 203
549 600 541 155
328 266 134 552
265 374 614 490
103 255 413 378
454 565 410 377
190 41 571 238
407 162 449 171
572 533 502 111
357 82 381 555
306 471 576 261
220 45 157 307
561 518 35 391
479 430 455 584
471 31 457 597
400 175 171 137
492 106 419 67
473 601 557 549
477 217 118 216
261 441 329 342
29 594 42 205
457 146 421 212
607 258 557 203
120 501 161 178
246 56 70 241
380 472 250 293
603 31 68 3
560 274 46 533
100 246 456 349
214 345 23 343
404 167 482 361
527 528 338 297
555 128 570 7
79 4 442 118
566 95 329 25
482 306 96 490
176 307 459 95
253 325 207 0
553 305 10 193
257 130 539 377
