600
338 311 56 264
272 427 394 121
498 325 243 46
104 35 194 592
599 211 166 38
400 185 516 80
62 610 341 518
47 278 340 398
8 538 242 330
172 325 9 391
477 77 217 503
218 282 408 201
139 466 174 508
6 389 141 499
461 75 346 470
583 155 329 275
373 71 397 519
501 151 591 191
366 558 148 552
66 136 23 590
408 413 567 305
5 363 476 118
306 215 561 174
13 533 328 481
320 544 113 553
452 444 384 461
279 494 595 69
86 572 347 387
288 182 330 496
411 582 399 195
493 578 607 118
28 300 432 235
11 312 550 150
531 354 605 264
207 173 438 132
213 303 50 244
355 299 13 248
387 146 233 365
434 345 462 475
179 198 446 401
332 446 290 342
58 483 438 533
85 129 413 311
308 97 196 60
350 371 586 572
289 474 363 105
321 501 124 99
225 469 299 588
165 521 364 398
212 42 474 75
351 399 161 282
159 218 259 350
425 600 240 268
80 503 406 57
566 148 324 173
12 518 245 103
202 36 563 127
469 13 246 220
171 241 84 453
382 440 316 270
331 318 48 295
537 213 536 261
543 574 96 313
440 417 313 567
76 159 458 259
487 225 473 25
604 49 542 399
166 6 200 76
275 236 598 211
413 374 345 545
300 527 150 567
178 597 557 114
394 305 315 45
185 11 476 314
59 175 125 215
47 550 560 192
414 560 471 307
431 54 423 129
530 133 7 414
359 330 591 23
206 376 212 500
296 350 49 371
533 444 452 272
613 496 324 97
58 21 411 546
253 1 94 205
100 249 317 340
387 150 241 463
618 265 43 197
408 434 15 455
274 99 158 383
170 133 54 598
579 106 46 353
255 98 608 347
506 34 53 66
595 127 342 454
430 108 186 590
582 105 212 514
26 187 25 368
365 576 387 170
218 245 461 378
371 394 604 587
71 493 507 550
151 384 461 357
178 274 575 274
185 235 59 88
136 577 496 10
111 611 231 376
513 424 49 347
371 280 619 225
193 620 334 448
266 247 188 594
253 559 533 526
355 98 225 430
540 459 219 477
531 464 240 348
468 587 225 504
100 429 576 264
496 450 103 585
275 102 501 310
173 412 585 73
64 600 320 616
120 227 379 226
576 68 383 298
122 361 206 47
195 158 81 249
12 543 292 289
422 478 298 129
499 340 566 141
508 115 439 150
448 343 373 46
415 76 527 444
382 620 28 355
455 36 166 231
32 404 210 142
416 282 130 159
541 558 279 374
508 63 28 376
280 374 343 313
458 190 233 26
472 103 67 226
286 300 81 581
250 95 91 338
456 494 559 470
516 34 604 306
30 542 281 191
270 257 151 552
32 244 509 18
587 140 45 277
254 413 36 458
2 277 92 199
578 51 488 415
332 356 137 373
222 578 564 586
510 378 409 543
453 557 374 511
178 208 386 440
79 531 286 504
430 576 464 111
267 424 342 11
596 351 514 237
512 232 151 146
327 449 566 431
566 380 292 505
608 306 504 324
85 199 589 118
209 387 336 489
186 418 538 27
587 373 413 221
474 335 151 87
78 495 184 64
307 550 382 41
521 180 556 593
34 520 217 279
228 516 566 568
95 292 0 172
307 27 69 89
571 507 177 230
129 469 416 238
272 12 596 417
352 30 574 551
269 297 325 26
393 381 215 128
256 551 204 238
205 373 110 14
137 107 203 144
160 249 365 361
218 304 266 381
338 597 136 448
222 426 539 281
127 264 294 266
435 482 62 578
262 177 251 130
436 542 172 403
579 42 164 250
413 606 473 344
122 140 179 434
315 539 61 320
191 517 6 595
248 272 174 560
47 601 104 287
428 555 150 339
164 30 105 205
134 268 303 169
461 577 557 215
135 162 480 167
588 381 96 223
553 449 364 225
536 377 578 37
352 285 575 618
592 54 146 532
201 542 414 377
348 344 446 142
391 338 381 269
492 343 70 351
309 162 538 422
443 143 209 511
45 390 310 460
477 104 312 477
103 420 524 527
123 64 139 216
119 227 373 60
305 526 431 231
63 548 584 162
492 92 603 102
447 11 450 487
67 228 240 203
340 97 614 74
121 173 8 274
549 616 10 357
70 67 415 330
619 255 578 173
407 227 191 253
435 598 412 599
109 134 543 586
348 389 142 103
57 50 142 173
561 143 152 582
511 225 587 320
242 512 598 233
329 281 497 508
230 485 471 363
294 20 131 158
480 199 270 612
364 608 229 612
158 23 217 61
546 85 603 593
494 65 282 600
522 517 395 36
507 284 486 399
463 109 49 456
192 38 273 73
251 600 88 430
220 499 78 117
203 29 389 26
355 139 78 305
238 238 135 440
548 242 207 495
203 77 283 374
484 336 61 375
493 319 496 420
571 116 508 310
432 136 60 561
233 212 618 618
455 274 579 114
261 539 86 342
316 332 91 34
103 452 233 48
385 320 382 260
160 72 613 117
25 524 260 192
440 152 264 502
382 217 325 548
289 339 377 356
348 284 112 408
53 43 613 177
39 409 537 409
591 608 345 387
194 277 114 235
153 340 336 600
559 375 288 197
211 470 360 301
300 344 208 361
154 564 95 92
384 22 270 194
518 572 232 275
576 290 537 309
406 403 177 603
427 511 163 191
41 120 115 527
458 354 210 336
231 394 504 606
480 589 360 586
587 158 605 350
271 349 272 562
43 169 551 344
330 17 50 614
506 256 297 541
157 139 268 372
395 248 469 257
293 227 117 507
379 553 485 260
487 174 324 389
69 543 600 252
23 217 216 422
490 154 149 98
497 492 119 311
74 409 403 92
40 501 420 342
13 522 24 287
392 542 64 25
72 387 143 543
431 172 364 477
526 533 186 415
277 583 318 614
4 151 308 192
521 303 99 69
4 311 380 503
179 555 71 529
401 91 447 133
357 398 609 288
262 428 403 511
517 203 119 196
582 237 28 594
484 168 239 82
58 38 131 312
4 566 303 185
590 205 519 222
161 142 278 348
146 41 281 444
481 250 155 4
66 125 21 146
300 100 344 57
520 502 524 285
161 263 514 231
424 143 405 514
530 242 272 405
311 390 32 31
575 532 170 504
374 612 71 484
456 94 246 25
228 349 328 491
133 112 393 165
178 244 205 369
331 145 264 342
565 70 7 585
86 379 36 392
116 11 395 376
454 439 354 526
506 10 172 428
183 399 120 77
54 453 48 254
451 596 151 507
115 591 599 232
112 461 568 555
38 549 148 451
617 440 117 143
72 106 421 68
158 208 111 342
373 20 140 60
388 280 102 130
456 110 604 106
235 54 411 197
548 305 446 390
561 300 40 430
429 378 60 17
343 318 400 304
121 509 532 396
484 81 260 535
498 245 395 91
376 413 312 246
333 261 266 199
207 268 150 569
391 113 96 52
108 241 495 319
432 111 238 478
154 40 178 578
524 367 215 70
490 446 316 298
195 16 182 396
274 351 602 485
404 611 439 8
9 371 267 208
446 122 63 431
323 459 462 59
115 270 288 258
33 386 130 392
585 179 233 478
27 464 79 564
315 85 399 201
111 460 153 100
363 22 101 461
491 449 217 264
279 88 566 323
505 562 192 612
414 338 217 176
617 343 60 92
547 287 456 313
192 210 107 304
331 538 570 147
501 34 245 403
461 325 566 4
317 548 470 232
514 142 322 537
536 378 464 175
206 283 465 482
236 375 257 43
78 273 508 406
162 139 394 240
552 452 206 598
570 467 141 519
129 233 321 179
50 405 492 110
289 247 486 581
513 552 88 163
568 84 592 314
224 417 312 16
501 607 478 405
190 580 468 306
548 416 404 444
241 7 159 532
27 250 17 425
521 165 177 488
459 372 14 584
170 352 306 526
550 209 105 24
34 53 89 260
238 180 456 540
256 546 386 451
386 80 130 432
55 610 616 562
419 530 216 342
198 20 588 240
385 248 249 517
262 578 181 70
485 319 308 344
367 589 129 123
618 540 167 315
339 181 442 494
165 311 84 447
106 539 107 65
190 253 235 202
183 576 399 518
256 340 586 60
586 393 105 132
11 87 482 239
68 341 134 540
150 356 277 91
165 301 525 36
448 163 616 559
473 564 569 170
1 500 479 223
605 532 126 173
171 611 444 192
158 604 62 11
496 611 74 40
302 501 597 273
340 553 43 274
4 9 394 580
598 97 609 166
562 338 411 226
576 301 66 525
65 453 404 409
475 228 213 577
129 103 5 397
1 620 319 64
471 174 509 50
27 569 45 27
322 468 583 299
318 144 417 473
502 143 432 562
365 550 444 181
378 61 618 419
469 527 186 381
217 229 352 265
549 135 61 134
532 317 278 94
613 415 181 526
545 618 24 577
167 608 223 184
188 247 23 36
605 284 279 619
73 582 140 617
385 111 443 454
599 234 312 450
188 519 65 594
12 132 359 344
149 206 340 11
133 230 406 76
269 480 156 101
254 230 486 573
220 299 328 617
93 455 44 59
144 430 458 557
423 165 115 555
470 76 436 399
463 263 192 507
587 23 224 53
54 428 77 514
23 198 163 177
431 596 434 355
374 526 595 283
191 599 500 571
155 78 504 203
292 169 480 563
177 135 144 110
524 59 281 492
563 101 611 396
433 412 106 220
299 29 117 268
197 245 579 81
269 343 98 239
308 113 353 361
513 229 268 384
315 481 313 300
584 363 286 415
509 356 102 141
502 197 575 41
270 620 347 26
90 583 30 563
565 25 261 462
447 257 406 572
508 520 607 250
576 594 16 537
201 518 351 316
233 348 567 495
151 97 377 333
537 516 533 21
17 100 506 418
572 219 36 149
104 377 429 216
93 528 438 128
601 408 363 223
7 579 78 183
216 373 382 318
283 234 70 7
194 212 443 188
277 229 386 425
234 466 444 167
144 140 484 535
353 574 325 368
184 243 346 389
160 44 581 239
273 446 387 188
617 537 255 211
574 174 169 334
256 204 484 362
495 202 438 556
367 611 570 581
497 370 395 449
14 409 109 477
497 409 494 607
476 454 98 366
52 171 197 609
151 279 609 214
348 149 77 158
87 65 495 113
571 461 330 516
476 166 9 255
273 573 5 593
583 319 501 405
405 279 128 454
314 441 56 193
225 458 489 282
41 370 27 235
123 550 440 420
120 561 102 223
447 288 406 315
153 299 32 344
212 141 581 20
555 422 327 61
406 242 359 333
503 500 115 87
145 159 519 202
114 189 221 63
20 544 349 473
236 95 83 538
610 268 76 177
474 281 45 477
160 266 337 489
222 106 14 493
251 19 377 361
442 42 266 63
12 295 487 505
613 602 558 175
259 617 419 105
453 252 309 612
114 308 292 301
271 91 377 589
223 99 353 372
477 323 521 290
455 503 381 437
205 333 347 400
262 260 171 133
448 190 481 49
136 36 570 617
224 418 129 395
528 169 269 319
342 412 434 529
189 468 213 374
