600
128 352 42 538
465 142 486 341
489 62 19 612
261 276 509 147
9 4 529 553
406 456 107 229
285 333 498 603
130 51 253 331
450 307 468 416
179 321 579 418
431 569 373 388
600 305 482 432
326 218 199 75
486 550 442 611
497 519 348 527
421 92 259 588
539 383 102 388
268 68 519 219
396 207 115 196
178 284 478 288
326 217 403 463
61 435 539 270
362 396 101 97
317 538 203 611
240 112 76 512
413 16 135 573
202 10 291 359
285 147 303 167
372 98 555 526
452 579 611 556
437 570 594 573
390 573 64 293
331 511 334 500
148 438 385 340
486 547 1 166
20 99 26 528
438 225 125 218
19 217 51 428
34 399 176 510
494 141 348 210
29 606 190 230
509 233 344 171
345 448 54 24
385 494 248 510
410 2 257 252
432 163 152 33
547 442 403 180
345 536 428 104
208 348 172 83
548 40 144 276
458 479 33 221
597 436 309 396
331 151 464 528
500 531 268 313
351 2 513 128
275 36 96 60
228 526 263 37
67 44 413 73
604 380 353 381
191 311 427 348
163 62 366 204
57 226 429 73
564 78 316 106
34 592 593 436
196 373 42 582
144 534 271 96
317 406 17 66
70 265 198 531
348 90 271 287
348 60 586 603
30 80 333 501
223 442 6 518
412 482 417 484
487 234 102 516
210 32 565 461
233 31 563 240
404 82 608 513
281 143 152 584
539 21 168 192
201 202 376 378
111 65 413 13
386 584 533 402
253 138 143 228
247 85 318 354
556 298 272 225
464 586 258 60
152 154 298 135
458 401 407 530
493 471 224 543
359 136 537 431
437 202 410 481
545 193 583 16
277 310 175 38
412 115 176 256
443 469 317 499
300 192 596 551
309 39 551 380
65 179 361 246
497 533 550 491
188 298 343 568
400 56 576 135
585 200 445 132
204 252 308 545
108 97 70 537
592 548 325 448
30 410 347 60
399 40 603 566
177 317 558 53
119 437 617 302
468 108 602 137
404 619 317 434
39 494 119 373
285 569 50 68
57 503 159 178
278 329 388 563
183 476 528 577
475 349 527 101
333 24 44 373
403 309 606 334
143 221 278 317
527 559 465 150
303 382 497 478
405 74 390 182
204 567 608 468
614 564 275 192
584 585 575 404
4 172 253 145
381 207 37 332
136 605 463 585
334 272 182 396
574 395 128 172
400 172 612 333
387 74 108 518
471 479 82 148
500 244 292 268
232 378 295 61
75 294 239 437
439 607 304 485
524 372 514 35
443 339 555 171
501 161 433 410
553 142 387 350
225 345 377 594
213 125 234 486
56 414 272 455
353 135 46 346
500 91 113 159
265 235 463 259
284 483 429 568
213 170 277 225
549 248 22 457
541 423 208 3
1 476 335 202
258 434 376 47
566 332 124 280
18 158 156 328
94 505 446 30
534 240 282 517
385 77 20 541
531 531 308 209
569 563 381 105
224 193 562 218
89 588 386 477
546 415 108 614
270 42 197 439
312 67 403 116
82 110 10 620
278 218 219 432
524 395 191 64
544 252 299 490
545 279 505 584
79 525 423 172
78 242 510 27
114 82 131 314
147 217 541 250
588 70 499 610
440 71 148 271
561 388 222 229
289 347 515 554
417 419 405 222
103 78 193 330
229 98 357 345
409 544 22 36
510 435 391 6
333 133 545 549
107 168 255 520
419 54 12 287
431 480 617 100
118 320 34 513
619 163 577 588
470 520 375 78
517 220 600 474
474 380 409 604
359 340 366 56
96 4 285 264
319 432 211 605
605 380 576 13
482 536 583 39
360 85 260 613
201 392 462 597
48 609 559 551
572 503 519 484
377 123 458 49
518 34 139 293
70 248 615 271
601 70 460 332
94 218 232 447
305 407 353 347
257 176 557 281
71 446 293 151
552 532 153 411
268 64 494 488
500 40 113 51
50 226 466 131
96 45 517 541
600 291 421 204
583 129 539 539
155 222 43 485
585 217 601 575
529 368 166 545
228 101 284 271
574 352 4 47
124 222 241 279
175 35 261 205
531 571 189 414
137 98 255 128
604 304 479 118
238 150 575 155
177 158 30 230
421 571 256 554
594 418 277 616
317 79 140 196
586 339 468 505
471 377 310 58
525 248 407 224
595 371 229 324
506 194 548 587
62 61 508 536
520 9 114 466
596 422 74 235
600 121 97 563
80 15 461 521
448 235 161 347
114 552 606 5
27 465 228 503
101 369 62 166
132 294 551 434
171 576 369 51
610 575 105 497
38 520 406 500
86 169 575 475
554 207 234 152
14 171 286 158
291 109 462 308
467 139 280 475
382 173 557 316
370 167 509 242
96 292 545 305
63 445 445 36
618 341 412 145
247 327 534 357
220 329 518 501
347 147 292 246
571 228 208 614
371 255 450 26
328 429 233 401
503 194 337 412
71 569 576 358
275 133 149 444
332 581 460 365
546 536 512 138
32 144 272 233
291 218 43 617
77 102 449 148
117 190 257 463
321 496 81 445
243 598 349 620
254 574 252 549
614 10 567 147
473 545 124 542
391 133 539 31
84 116 434 315
450 269 311 39
262 215 440 253
179 127 174 536
222 261 519 220
33 143 413 597
229 571 328 352
443 406 150 260
552 61 144 112
77 274 316 210
352 565 296 268
131 92 373 496
104 610 275 314
581 97 179 455
597 207 479 378
434 136 257 197
181 37 206 305
188 187 587 396
245 117 263 411
343 65 344 393
113 381 292 273
101 159 0 41
212 130 380 302
584 619 403 474
528 238 277 592
518 197 46 351
218 215 22 100
151 593 320 112
157 151 464 214
272 501 222 292
550 359 196 326
311 52 353 235
417 473 362 40
2 9 25 551
476 247 138 544
91 585 279 458
72 328 128 183
433 554 475 596
224 494 35 552
347 71 412 467
207 122 59 56
423 410 158 331
353 509 342 423
600 265 429 97
178 329 385 318
95 73 167 603
213 276 571 282
79 320 551 94
380 564 514 51
12 306 19 469
325 583 399 296
616 167 494 580
8 316 443 498
355 181 191 212
460 587 412 342
281 605 340 247
247 156 563 333
327 271 606 97
71 468 373 402
560 6 98 107
400 352 518 309
495 9 394 486
16 431 406 592
358 585 219 394
598 499 371 532
248 125 349 122
29 167 329 585
100 367 513 516
134 168 432 336
106 518 603 86
519 526 280 464
126 89 100 610
209 1 275 50
52 109 207 235
357 390 10 312
525 537 363 124
484 548 271 569
100 437 197 562
440 73 338 378
237 193 537 339
130 616 317 354
242 408 96 90
8 387 156 261
214 513 555 323
34 495 320 151
508 321 488 183
449 152 529 301
604 94 264 15
366 551 157 405
552 258 500 86
206 513 376 34
348 344 480 214
591 329 518 475
144 170 165 451
29 278 9 303
192 303 435 34
404 258 378 427
447 287 221 378
443 31 459 107
544 256 38 74
178 351 438 372
448 305 205 422
454 28 306 52
494 417 153 131
312 381 312 42
336 106 158 123
189 467 191 409
511 323 158 302
164 473 183 118
528 555 157 549
154 483 581 331
104 207 391 360
129 615 278 34
94 138 61 161
216 515 270 317
219 272 131 468
275 175 180 393
205 100 156 566
602 584 366 612
264 164 486 515
292 24 158 60
57 594 278 581
535 458 168 260
71 453 105 482
616 294 85 61
340 579 595 186
29 381 95 110
351 428 306 2
126 300 183 494
261 280 167 4
233 93 19 174
497 533 524 597
284 27 11 420
420 255 481 44
604 528 508 482
94 82 43 380
62 466 128 553
26 619 481 500
544 590 427 87
15 347 416 452
111 57 44 231
71 328 79 532
538 456 41 382
583 549 272 378
512 594 2 614
151 523 388 608
16 204 397 582
541 212 614 115
486 312 245 160
532 397 257 312
411 178 509 496
159 481 353 252
0 11 536 409
366 613 591 117
270 310 266 210
10 417 533 359
455 266 196 99
219 301 132 392
357 199 558 532
179 87 443 580
31 326 353 432
2 545 337 310
411 524 312 369
235 384 283 392
491 570 350 534
518 37 88 614
602 127 68 400
185 594 81 214
41 137 595 370
427 169 413 509
615 387 465 594
306 331 222 145
291 368 89 408
502 318 618 44
3 586 195 52
550 272 238 542
241 203 440 82
198 366 55 267
194 473 296 471
339 482 534 201
579 268 79 31
487 546 408 471
212 111 180 413
575 168 230 247
388 224 137 328
575 122 131 400
240 74 386 217
122 126 456 320
372 42 86 479
185 118 168 528
606 540 504 574
412 2 174 463
109 590 548 226
100 482 180 466
222 141 315 90
272 228 310 103
253 609 454 617
480 510 455 564
286 360 541 84
485 168 330 266
93 236 31 424
257 352 183 168
572 123 33 579
453 434 527 305
596 172 333 523
477 7 104 339
145 565 319 234
606 592 356 453
178 78 318 546
3 154 448 49
295 202 269 481
161 443 4 434
170 438 245 394
78 76 89 518
358 151 91 401
146 46 241 322
355 529 442 419
357 10 19 253
67 522 386 575
102 350 613 87
144 506 13 248
419 67 352 602
585 177 248 111
88 215 215 431
371 158 292 612
555 379 555 169
95 553 353 469
205 329 349 606
65 255 364 350
319 25 271 52
475 434 283 555
150 451 146 189
257 93 318 268
482 15 236 560
139 85 509 81
147 581 22 309
46 90 368 261
535 531 200 481
616 355 410 70
555 312 383 168
370 47 349 275
16 596 217 375
202 467 216 413
96 378 533 147
45 89 524 577
37 264 396 325
432 75 27 127
250 519 127 404
620 145 357 256
69 175 541 425
475 587 397 142
299 342 534 123
497 125 362 376
614 380 336 398
563 384 168 499
154 569 18 369
458 63 95 389
461 100 216 126
84 426 317 580
70 130 242 319
273 72 110 359
7 453 223 221
536 120 419 511
240 178 129 166
462 587 368 197
286 104 155 504
341 82 24 165
317 391 344 560
482 245 570 263
317 128 525 385
609 121 38 212
361 489 386 35
179 21 439 445
17 229 485 379
56 276 261 595
162 143 131 73
557 395 238 559
127 613 284 542
52 75 222 460
419 498 32 488
536 547 483 54
445 375 229 361
551 373 389 97
400 305 505 363
488 525 439 280
363 475 27 492
417 406 501 317
292 255 296 495
238 267 172 255
338 279 364 406
168 327 28 425
593 38 272 203
612 393 393 350
0 568 509 175
538 214 524 313
437 157 108 136
515 535 334 27
380 325 407 508
240 251 554 52
600 143 594 424
509 130 473 458
563 406 386 118
35 219 217 47
278 73 549 604
353 512 78 193
78 604 571 551
321 51 318 474
432 414 332 502
84 476 66 617
172 443 551 518
441 528 399 397
123 618 140 47
100 484 29 339
429 406 579 606
248 277 157 122
274 122 466 255
39 91 276 571
103 620 540 376
356 380 380 407
