600
177 69 139 472
511 484 356 448
134 559 88 25
299 587 137 4
139 226 299 284
304 155 475 146
54 251 537 440
383 119 334 539
582 220 16 385
134 438 254 141
465 518 598 221
263 434 140 460
497 558 536 349
456 234 574 124
516 266 26 376
280 149 45 318
271 318 65 616
80 480 312 557
269 396 300 221
242 169 519 527
563 25 267 556
150 438 555 145
547 294 42 90
91 544 7 533
389 486 608 510
57 125 238 604
388 394 20 480
620 549 16 202
471 584 237 67
245 433 151 164
531 71 460 175
604 262 57 560
132 164 319 414
400 70 355 301
493 46 498 8
190 447 580 14
295 443 519 125
479 184 510 297
44 350 175 196
85 464 292 266
524 115 283 70
208 324 59 222
570 22 612 563
329 301 122 80
88 101 528 93
59 536 375 514
426 374 77 13
356 48 588 476
108 177 243 246
289 393 379 348
535 74 520 257
203 535 421 4
135 90 172 333
249 74 117 527
405 389 113 167
105 94 87 65
471 47 507 579
127 469 171 20
9 66 245 13
266 567 523 571
125 223 322 185
209 584 92 377
429 436 40 315
151 205 591 141
467 473 596 95
406 99 295 374
245 455 386 593
370 97 427 101
479 503 10 444
11 71 340 139
492 615 396 533
605 84 266 136
598 578 383 490
436 389 436 218
315 301 139 300
518 259 40 490
125 558 253 516
9 478 355 581
67 492 508 263
386 324 371 188
442 491 12 48
559 271 517 206
75 366 430 399
266 503 535 9
183 150 306 187
237 370 16 23
591 339 359 158
423 344 604 423
344 176 111 155
128 405 32 33
63 350 423 482
376 541 561 90
219 100 329 426
402 88 554 146
472 391 280 292
512 85 257 91
42 207 612 413
580 102 162 330
513 339 556 608
578 363 595 125
6 141 7 301
492 557 131 13
349 349 545 337
427 470 449 555
295 445 209 301
332 27 208 328
546 253 498 456
274 229 129 224
82 208 58 190
54 244 314 475
583 434 445 56
513 238 316 234
589 16 444 611
256 2 394 492
498 23 363 189
433 328 510 174
90 50 18 606
236 555 270 168
434 472 24 158
440 64 236 604
431 180 552 486
482 606 416 85
279 84 448 413
175 35 532 30
611 303 476 564
366 202 82 328
94 523 371 376
278 122 212 119
400 293 536 393
113 324 270 185
63 529 564 182
603 188 185 596
347 558 581 404
126 294 132 216
606 361 349 210
79 174 398 373
139 352 351 434
509 81 293 608
463 370 280 204
166 303 309 240
395 28 466 290
19 543 380 554
396 28 197 111
599 519 432 434
174 612 234 385
345 395 333 161
307 588 508 4
589 294 141 577
254 201 135 465
286 569 443 106
484 42 591 46
376 382 245 78
374 394 468 366
595 86 389 96
599 17 569 484
459 574 547 351
396 29 185 52
227 275 217 126
416 437 86 511
230 149 379 297
456 28 436 244
140 106 0 552
380 607 562 553
17 170 235 456
499 462 3 179
164 316 35 563
306 467 282 173
21 129 494 28
6 111 169 63
527 218 541 396
443 71 403 418
73 528 271 568
450 105 605 335
543 160 556 177
114 470 70 127
193 92 614 99
135 45 404 129
199 24 287 498
380 394 469 249
165 61 89 153
552 139 350 593
331 117 492 464
331 403 240 247
44 104 126 427
201 332 108 333
545 189 346 18
437 492 529 407
562 205 478 80
189 245 385 30
363 356 423 74
266 178 291 500
283 43 292 485
58 575 138 33
233 322 336 317
229 56 381 116
284 584 72 395
229 285 414 254
582 165 568 221
100 18 390 381
605 448 290 584
325 473 617 171
490 0 103 616
33 323 137 356
345 82 457 430
358 149 556 156
76 594 447 369
521 446 70 247
619 563 404 53
364 211 227 398
25 566 498 386
307 189 429 48
93 473 123 243
243 134 277 309
557 444 299 417
594 413 97 541
330 439 4 420
529 34 313 344
4 481 131 473
29 135 509 592
542 420 92 327
468 583 295 543
144 575 249 612
434 6 386 609
587 515 158 336
85 476 119 600
438 253 287 9
173 231 43 585
431 528 490 268
494 53 95 270
368 294 39 56
274 401 111 273
433 6 262 253
391 24 431 451
420 427 533 596
8 95 586 539
109 142 481 273
69 505 219 611
136 113 182 16
12 502 541 432
617 350 598 80
396 17 485 574
420 119 441 419
608 62 277 608
144 31 501 178
269 254 372 179
19 544 325 391
305 147 451 270
65 264 212 123
267 83 204 382
324 314 440 43
605 17 133 404
230 385 414 370
166 248 573 558
26 477 580 286
303 364 94 133
159 482 596 533
176 190 531 511
238 557 620 81
122 179 402 1
264 578 224 58
33 277 367 503
58 348 322 141
470 110 26 44
352 190 251 296
221 394 256 180
186 322 617 187
406 556 499 349
371 88 122 375
340 291 253 606
86 87 155 507
43 268 546 577
11 519 570 229
308 50 401 440
503 156 233 188
563 554 415 52
126 175 119 168
546 387 1 437
548 401 242 586
277 447 175 317
594 586 320 349
125 1 549 102
240 284 22 602
149 471 274 295
454 448 535 36
144 565 313 17
180 407 545 342
357 327 581 52
438 470 105 50
399 216 186 593
527 599 402 540
595 50 524 464
50 353 48 608
268 117 365 159
482 429 373 408
186 205 200 19
393 535 464 20
380 225 363 375
152 136 387 348
419 367 17 571
364 114 208 77
512 588 185 533
230 430 538 63
76 197 459 131
466 97 406 288
169 96 467 587
255 133 612 402
485 536 494 592
202 77 359 384
110 302 407 225
463 197 565 97
48 78 407 525
203 88 103 548
146 167 544 379
316 570 287 50
224 598 121 179
91 357 308 148
338 575 210 520
181 492 6 522
503 124 548 96
560 114 262 334
146 350 259 144
551 75 221 206
566 477 608 521
6 620 580 530
549 220 32 379
206 22 471 557
481 343 419 82
454 519 302 93
7 572 449 607
70 34 30 479
349 180 66 432
347 429 147 470
504 239 170 612
615 159 463 298
493 442 594 103
339 346 472 152
585 587 135 257
16 377 545 340
433 58 463 41
411 511 165 216
387 127 60 488
545 79 372 473
370 530 332 344
606 66 11 317
516 135 246 83
235 62 377 317
534 608 108 82
44 509 596 293
108 40 447 296
576 419 120 11
307 462 118 85
164 301 581 424
385 550 464 11
438 550 24 380
350 615 267 186
474 118 509 3
455 328 236 69
258 551 286 241
385 4 157 111
613 217 527 397
604 571 279 159
355 531 547 420
484 458 567 135
122 472 380 169
46 555 537 321
323 199 166 228
196 147 492 391
68 460 487 73
597 100 224 283
550 101 520 483
468 135 358 20
115 197 559 69
462 406 0 250
401 136 345 541
431 151 281 441
489 490 60 136
271 561 341 235
613 233 373 7
549 75 599 396
526 519 153 375
589 88 148 245
212 136 566 505
389 181 362 271
246 33 81 421
427 434 599 299
358 132 605 280
181 294 310 454
186 524 14 366
336 568 220 9
312 432 141 540
22 292 324 113
435 432 406 179
97 561 128 525
582 516 601 121
336 603 612 204
363 125 215 17
60 521 604 494
270 82 458 478
170 87 510 590
428 222 43 319
379 309 276 459
137 614 331 562
162 382 142 529
168 514 218 331
602 518 3 517
572 501 441 122
199 288 251 491
560 54 572 35
242 8 467 439
341 218 466 614
293 172 166 268
106 261 510 493
201 133 120 513
507 142 287 526
26 571 503 468
119 8 253 178
573 59 301 142
109 116 27 280
333 26 355 452
566 595 489 353
584 69 84 5
42 95 428 196
173 348 411 371
12 357 423 5
20 283 281 247
98 455 7 511
326 597 616 433
491 357 219 458
325 174 154 446
29 425 620 267
123 602 151 200
528 504 131 419
288 3 269 44
327 278 50 161
396 566 279 382
221 312 381 32
149 428 319 167
309 163 25 23
529 190 556 67
121 381 549 590
29 543 137 13
324 534 224 228
284 474 409 183
74 142 328 342
585 610 375 20
280 146 527 461
61 252 298 539
235 436 481 63
206 132 311 235
241 593 593 346
162 611 508 23
431 187 348 246
373 345 12 230
92 29 587 181
485 65 210 550
305 292 563 475
319 456 214 483
38 81 88 364
568 578 330 450
258 95 62 620
613 315 35 599
355 126 323 346
68 295 157 490
166 536 317 112
523 332 234 224
17 556 38 78
497 416 575 443
521 85 479 361
131 31 272 274
43 49 593 166
94 255 616 443
609 148 298 229
292 73 73 618
93 224 254 327
64 86 408 301
385 482 14 235
222 553 355 467
256 434 211 195
458 233 255 285
114 607 604 348
328 440 530 133
284 547 213 138
368 391 478 200
46 343 577 359
126 501 233 256
289 280 490 12
362 84 19 463
360 344 144 217
376 521 184 72
497 54 431 197
188 221 253 26
217 333 504 70
410 408 477 170
36 114 31 118
252 391 469 108
253 359 506 502
492 196 172 309
296 612 188 377
33 366 237 37
619 102 337 141
429 68 176 79
367 431 419 133
51 119 500 338
143 520 245 310
247 529 519 516
422 402 466 558
79 491 468 265
222 459 435 394
513 608 11 63
365 565 109 140
54 526 428 136
209 31 480 102
471 206 111 22
320 488 31 43
251 157 269 46
600 215 371 371
371 162 371 560
24 580 593 236
206 113 215 460
485 426 147 17
1 4 225 237
533 370 372 95
369 30 52 376
254 57 387 381
337 245 172 600
109 488 200 514
111 504 488 363
578 277 550 165
122 48 126 161
581 409 387 315
480 53 375 88
260 370 403 523
121 527 52 230
558 436 425 520
552 91 406 381
187 218 570 303
566 69 291 68
451 515 557 558
108 388 490 146
127 295 102 64
478 336 318 22
168 153 400 190
52 575 188 165
402 414 50 347
166 317 36 246
205 218 248 80
98 135 619 411
180 23 112 85
44 274 601 31
540 136 43 281
14 10 565 265
590 14 123 504
143 194 371 450
223 547 318 567
447 373 26 80
140 115 406 140
21 57 31 545
358 380 489 299
168 501 124 50
361 320 404 151
296 150 524 92
307 178 112 274
407 404 98 274
127 47 114 165
420 19 529 23
93 487 30 341
563 70 266 224
466 174 221 379
288 309 232 63
123 82 510 593
368 564 219 101
515 246 500 512
83 611 156 332
182 573 360 387
177 127 476 594
302 358 158 510
206 26 512 210
209 453 432 443
385 374 298 92
110 531 70 206
256 134 294 543
531 619 318 347
584 165 570 482
126 270 141 373
557 170 505 56
430 239 59 498
562 63 450 508
295 126 100 291
285 462 312 475
171 478 538 614
530 132 409 7
591 350 230 130
321 427 298 168
136 55 570 619
141 392 418 277
461 297 182 557
420 85 30 37
37 429 564 521
378 487 164 280
411 619 218 249
