600
154 228 602 273
88 138 459 519
589 467 158 292
398 11 266 167
554 102 395 273
267 397 311 138
280 449 428 199
345 361 543 478
122 549 535 480
435 78 351 270
268 539 198 234
406 550 180 487
508 236 169 182
47 57 231 112
512 604 139 224
477 370 60 196
60 342 619 495
129 364 467 450
104 234 83 542
519 442 488 405
600 440 351 78
188 534 168 422
412 494 533 109
419 193 476 81
155 560 506 6
306 311 305 116
417 356 467 188
536 92 200 86
418 52 2 10
580 488 178 537
362 140 489 190
171 17 496 547
476 91 70 58
163 171 529 207
351 73 277 34
416 406 383 268
275 128 544 120
143 278 333 102
513 165 527 120
407 524 39 106
95 247 474 480
540 478 530 197
572 274 532 387
431 321 81 99
447 69 147 508
321 110 145 182
154 91 312 620
148 423 600 270
606 60 182 248
433 386 530 189
60 424 596 245
415 241 607 16
66 248 185 83
115 55 38 454
5 418 108 481
556 243 29 180
11 10 236 522
330 221 299 249
443 1 504 163
171 233 26 609
316 620 397 418
42 249 448 173
161 154 514 37
573 443 169 60
205 216 435 519
136 21 237 172
161 507 249 220
576 404 477 598
509 302 567 346
15 185 444 130
617 512 103 429
159 609 392 133
447 238 450 293
316 557 24 228
235 203 9 156
596 12 176 176
196 496 403 259
127 29 337 44
383 415 86 596
557 426 493 257
289 77 305 322
380 209 602 408
208 283 304 499
231 455 374 9
285 204 307 391
580 233 105 507
12 247 325 161
582 298 458 4
494 568 403 204
483 201 501 8
113 204 236 310
3 540 76 39
519 606 404 618
414 88 167 96
587 33 531 238
173 117 363 427
117 553 29 514
530 422 96 61
599 143 349 371
352 411 215 320
406 209 193 309
102 413 551 527
121 492 187 376
406 436 491 123
609 213 174 88
64 213 293 332
179 538 343 423
420 322 298 359
0 137 106 549
464 108 316 561
473 619 249 613
140 167 43 268
500 151 530 354
56 263 436 51
511 609 612 175
320 326 599 552
376 416 52 0
145 289 301 104
74 172 513 191
484 549 541 59
124 578 239 153
558 129 429 9
533 595 607 471
178 348 302 197
525 113 574 552
218 99 271 378
376 342 430 280
325 297 327 459
313 132 492 129
496 70 343 474
149 322 458 75
537 304 584 149
505 53 569 276
9 120 346 382
245 341 525 22
552 154 452 471
26 84 425 579
548 336 143 29
552 482 597 573
71 374 167 1
412 132 50 541
47 115 411 336
239 223 306 392
197 366 119 593
520 228 202 198
114 596 275 444
312 485 473 300
480 192 390 266
272 134 34 348
495 11 213 63
107 108 375 251
119 510 169 32
258 592 37 563
362 454 284 185
303 456 472 62
530 418 503 232
19 14 146 368
326 19 315 450
120 483 7 211
574 121 63 118
383 134 29 169
429 193 213 501
547 187 483 102
169 152 552 131
430 506 380 161
550 221 558 312
455 70 579 508
355 34 579 593
565 199 469 169
252 462 72 448
362 281 140 196
21 528 493 475
380 358 479 283
265 5 36 362
56 414 202 341
326 157 84 253
603 380 28 171
150 375 556 125
538 391 519 132
109 27 209 568
351 584 275 274
281 97 226 435
470 585 431 26
125 370 526 468
129 52 292 112
92 43 449 185
489 219 447 316
300 31 35 249
349 454 62 603
212 124 113 494
415 427 532 71
158 570 356 455
228 310 599 186
598 541 575 48
464 207 270 469
197 581 70 529
509 164 66 63
270 60 417 245
227 455 171 466
439 477 353 11
507 67 136 480
166 447 533 129
617 117 148 615
546 34 536 354
420 162 455 469
116 209 560 371
348 172 114 101
226 439 498 69
397 100 79 375
450 11 389 618
432 93 303 420
103 449 210 1
121 383 580 485
160 434 300 297
187 202 132 207
482 272 168 567
84 466 244 604
135 378 352 114
160 609 73 66
487 509 418 137
94 460 30 241
162 117 620 264
394 147 339 463
180 314 515 135
559 445 506 31
369 99 453 14
563 529 377 313
108 118 531 130
219 485 431 303
107 122 552 142
407 42 191 534
107 518 38 534
191 227 336 312
168 375 259 82
456 383 111 526
99 86 340 241
49 528 211 234
493 244 341 287
122 250 35 185
91 34 484 123
406 88 619 52
312 28 598 325
252 374 46 394
600 542 237 277
225 395 164 223
539 444 3 228
7 76 226 44
9 388 505 394
488 315 236 363
22 72 292 358
541 246 263 183
562 460 102 201
28 264 316 374
322 390 552 230
93 585 78 447
180 44 428 327
474 9 8 270
141 71 272 478
601 423 341 234
553 553 145 491
539 206 323 161
231 486 289 37
561 123 365 362
612 445 31 574
197 109 408 246
69 45 532 392
338 10 338 441
284 266 93 141
377 68 38 154
525 180 296 502
598 56 476 174
265 410 306 412
9 368 316 597
394 322 382 520
370 499 129 85
283 489 435 54
305 438 339 608
51 264 19 421
105 261 11 549
280 251 5 424
528 111 381 182
206 5 525 18
54 322 548 46
584 253 499 223
101 404 229 596
205 393 348 435
501 318 459 355
590 204 415 376
40 472 611 25
478 15 211 258
235 567 115 354
454 123 506 305
285 128 405 370
106 215 351 214
101 392 577 364
598 318 397 221
446 354 572 130
96 585 508 422
459 590 115 271
600 583 212 216
157 138 135 62
187 202 230 9
568 534 189 445
449 538 103 58
480 217 217 220
210 16 145 487
402 552 56 455
599 617 3 407
228 425 502 585
21 464 532 393
306 467 479 233
311 114 480 47
228 261 62 133
158 145 321 337
333 255 479 519
380 512 89 0
610 1 501 146
485 522 93 471
78 469 34 118
185 302 435 536
269 199 277 508
134 189 145 137
331 400 287 36
294 387 593 32
250 262 549 142
545 11 118 261
81 186 279 104
504 143 84 213
223 158 224 535
495 573 555 572
492 567 582 351
112 408 53 562
602 29 304 572
291 254 502 574
297 516 322 480
569 532 321 609
429 225 63 237
235 249 284 603
398 151 484 135
455 396 512 142
103 310 88 430
572 525 403 179
483 316 496 293
330 105 155 592
393 16 479 140
539 427 297 366
237 400 518 62
566 390 460 367
68 605 11 129
1 519 220 485
95 60 345 109
19 222 405 30
293 512 339 533
96 35 44 305
286 546 482 545
377 68 305 425
265 33 182 529
219 63 48 17
12 28 62 184
607 153 16 211
60 487 459 495
343 198 180 534
295 595 473 18
352 535 336 422
328 415 441 604
492 474 399 411
52 379 73 375
520 615 130 137
527 250 181 176
115 474 402 578
251 426 569 178
267 371 609 392
592 358 264 62
15 391 617 0
296 180 492 184
299 146 63 363
78 502 63 31
376 349 464 234
543 135 606 589
380 526 280 206
540 348 448 289
271 248 221 430
155 247 45 159
371 159 485 226
18 404 511 575
562 508 534 20
269 368 307 348
98 503 141 511
71 207 572 136
286 547 299 414
604 184 181 315
443 183 160 519
97 479 64 345
571 498 295 110
56 413 433 483
11 35 410 168
79 102 172 9
280 461 125 573
289 452 276 368
107 357 205 472
217 224 407 549
125 538 142 401
372 503 89 163
588 369 289 133
596 166 435 460
266 538 316 9
266 532 372 425
614 13 261 120
518 600 418 21
384 278 378 356
542 52 61 107
368 73 469 136
226 88 123 452
213 580 445 413
45 428 516 31
586 383 262 595
348 230 526 156
296 303 360 177
551 5 494 41
405 405 325 141
499 220 462 377
104 478 89 553
490 61 464 243
467 611 380 209
383 539 287 170
1 131 38 592
181 167 425 114
441 472 361 384
342 390 467 102
288 101 559 8
601 582 236 258
2 564 54 18
422 22 35 263
214 270 361 312
127 50 242 378
487 488 373 45
119 555 55 232
209 22 470 250
319 165 582 601
56 558 154 407
339 216 238 317
304 43 27 397
279 469 546 546
109 416 97 223
16 451 151 113
59 611 188 332
355 147 257 166
432 366 522 308
134 166 27 433
308 257 20 466
329 246 198 25
66 445 129 355
35 231 513 375
347 407 175 250
506 168 146 2
603 303 339 247
515 600 25 185
563 359 453 23
451 511 409 381
125 50 172 201
170 428 72 566
605 436 553 150
500 409 2 190
358 319 324 312
384 46 440 1
337 348 344 172
140 315 284 478
559 102 278 481
224 199 242 512
11 61 359 447
159 580 374 168
5 532 442 209
421 548 207 555
488 387 24 519
551 135 51 371
0 366 9 267
0 338 82 605
9 185 229 454
129 473 503 577
249 35 304 227
286 314 239 253
169 154 36 222
174 595 362 455
497 450 458 391
239 175 41 599
313 454 157 409
359 112 552 596
619 521 611 442
366 64 376 174
546 474 40 366
66 1 319 546
544 162 484 460
322 568 293 225
592 251 404 236
70 562 297 291
442 429 610 77
222 289 603 340
268 149 64 105
441 176 177 393
540 229 503 19
543 41 454 531
449 63 273 97
149 591 605 447
386 197 442 120
476 230 568 50
254 32 413 142
149 481 317 532
219 549 533 619
179 180 231 465
471 71 436 290
384 517 266 35
350 387 593 456
539 608 304 115
158 557 75 156
106 381 64 295
99 301 164 580
579 552 603 30
180 25 49 15
351 70 516 597
541 439 524 535
588 9 417 168
323 191 414 41
234 366 511 20
165 39 616 397
205 256 469 45
112 51 74 324
510 446 367 568
260 290 160 405
224 516 377 438
379 582 590 305
526 100 75 77
386 386 50 379
165 405 131 547
335 540 481 512
38 308 81 372
9 391 239 261
268 307 412 350
490 6 131 576
107 25 339 572
110 502 614 365
231 383 14 598
320 28 45 290
532 143 341 24
381 465 461 255
165 410 475 300
171 454 107 562
425 468 616 92
618 316 150 499
42 60 401 396
26 494 273 226
330 484 26 164
522 96 87 210
233 237 440 214
481 12 79 43
508 280 552 604
510 609 414 429
454 197 289 497
213 50 445 595
51 592 243 50
68 137 112 346
229 217 536 152
107 554 314 434
143 558 341 173
357 564 277 565
172 512 27 419
94 383 470 106
451 252 406 278
426 329 336 418
384 218 106 350
181 239 121 465
242 573 140 603
418 610 226 420
251 268 484 462
138 463 99 502
568 37 45 237
575 325 231 218
586 384 193 279
8 76 603 28
446 552 609 422
14 412 155 414
78 29 211 292
536 131 61 457
184 338 123 47
508 365 243 460
423 616 176 164
222 210 328 73
430 69 496 510
375 36 264 37
513 595 523 190
592 272 286 306
146 449 251 608
31 456 241 425
260 471 95 98
115 215 449 411
132 43 56 411
223 440 392 9
301 441 276 589
65 572 401 13
398 512 153 435
394 96 329 444
