600
4 507 481 539
1 151 307 265
391 367 133 27
460 69 131 410
309 571 476 227
284 19 608 153
375 186 78 316
25 119 507 42
12 322 44 228
530 146 353 32
601 609 130 514
109 129 172 381
136 375 227 451
316 516 328 340
271 550 113 563
263 229 252 140
568 616 260 349
582 102 1 444
499 501 223 314
361 608 573 445
46 60 22 266
202 525 122 101
570 596 302 288
65 547 584 294
28 174 549 450
277 388 444 187
608 8 137 493
564 572 247 294
601 189 205 483
351 43 589 329
340 27 585 232
551 487 372 112
565 198 369 289
31 70 201 131
339 140 566 343
221 522 26 298
416 288 42 461
328 399 143 449
535 318 158 421
344 150 521 64
40 25 379 438
349 20 548 572
215 492 72 322
233 84 238 607
68 377 598 84
269 237 477 571
239 426 136 30
203 594 185 409
176 246 193 209
214 549 315 115
500 104 498 360
262 265 196 21
341 286 319 29
160 554 534 300
354 568 612 530
50 76 407 123
544 339 333 314
71 242 400 182
534 485 495 477
19 328 424 422
122 131 587 155
200 597 390 424
418 131 480 544
558 31 196 271
96 612 617 42
181 204 137 120
480 566 400 126
520 418 126 435
597 452 242 143
102 254 72 403
453 441 444 66
31 35 121 391
594 52 162 169
232 144 314 284
441 53 84 174
48 575 13 37
235 225 365 429
526 467 262 54
307 193 592 4
205 351 553 568
102 143 245 21
401 341 31 37
332 78 292 302
445 217 93 237
466 334 10 534
289 299 374 512
579 185 38 120
278 518 266 563
530 306 92 157
439 589 584 526
234 14 278 81
64 502 610 271
26 103 330 453
487 165 529 24
45 425 266 504
353 353 380 240
54 223 431 484
238 319 535 165
371 358 501 46
25 562 418 500
203 545 22 586
317 559 12 551
389 332 378 104
60 108 309 129
84 102 70 155
372 455 576 218
239 366 368 160
192 282 431 163
309 274 411 90
120 136 441 85
361 283 492 377
99 403 464 136
136 441 369 533
338 112 484 512
213 620 138 304
429 551 173 443
203 521 434 301
298 77 467 338
573 169 409 387
293 577 222 212
243 475 607 6
73 469 393 95
448 108 240 368
96 247 575 303
435 63 405 404
498 508 219 451
250 387 107 544
556 203 309 381
357 289 103 423
520 592 574 181
614 137 342 268
474 541 447 47
356 425 587 290
460 319 190 115
92 248 195 336
464 142 307 262
583 416 310 535
406 15 27 140
459 20 282 186
287 547 579 249
312 258 261 103
598 527 96 54
319 398 430 233
545 25 301 613
121 526 321 411
471 296 610 449
113 386 480 503
200 110 360 540
90 232 231 74
229 545 255 618
492 538 266 138
135 43 377 145
319 219 238 331
279 567 309 204
266 208 72 157
266 476 2 478
249 614 386 366
48 232 528 563
213 170 519 369
500 180 471 74
53 395 555 506
196 1 268 87
136 586 397 347
428 356 512 59
328 179 453 124
547 292 398 529
70 327 589 266
529 369 147 375
177 332 83 595
313 592 265 548
232 50 237 545
15 552 597 140
453 363 207 355
486 435 386 9
433 438 473 296
162 505 575 180
218 413 148 458
344 204 50 217
267 432 410 484
410 218 505 519
304 24 20 87
340 152 508 254
52 393 376 471
323 511 140 610
188 266 90 124
501 141 233 187
540 34 290 94
383 300 573 403
607 330 221 198
249 12 364 17
417 521 113 440
463 457 172 218
335 346 533 513
316 479 119 312
597 455 480 161
583 11 409 332
226 117 47 368
133 386 204 559
86 609 295 326
492 222 339 513
563 191 124 402
544 459 32 577
529 229 495 288
280 73 435 352
452 494 35 381
606 201 487 581
244 32 127 316
496 186 227 146
113 98 421 231
346 529 328 572
468 79 286 605
325 284 540 443
19 501 450 386
93 479 491 118
1 444 579 295
596 46 216 463
100 492 521 104
491 397 444 154
107 180 425 472
438 550 110 567
333 435 151 277
231 14 403 193
178 587 470 349
514 6 75 430
188 54 455 373
484 411 457 452
505 347 145 429
80 400 142 82
162 397 242 133
113 71 43 558
238 442 88 430
181 557 601 235
98 146 562 581
299 56 575 39
150 458 542 331
372 208 404 389
452 305 57 403
343 53 227 490
438 368 246 141
390 601 255 78
213 299 58 151
173 60 468 619
21 499 149 359
412 1 554 132
320 133 248 113
176 429 567 550
371 98 21 442
317 42 239 519
334 416 262 469
174 126 554 406
191 571 425 24
215 336 395 187
201 620 60 55
158 64 615 357
110 193 36 327
361 8 319 530
48 30 484 497
215 281 24 404
100 607 137 429
131 433 150 587
335 530 619 236
29 602 35 477
93 228 178 581
416 523 179 419
148 453 36 575
226 459 253 475
39 338 127 620
485 206 596 353
294 606 453 88
309 522 20 267
570 74 43 112
257 105 133 406
537 396 327 180
549 614 534 585
507 426 70 471
408 375 580 492
101 521 387 537
441 195 527 338
243 155 492 222
94 567 369 103
600 65 619 229
394 560 26 618
131 509 120 512
528 407 563 609
592 311 271 597
257 466 74 591
459 542 36 422
151 554 364 520
176 502 130 196
117 257 510 499
107 100 491 597
468 618 331 353
507 232 297 22
494 304 577 244
11 599 43 543
192 136 563 284
375 468 524 313
296 508 20 157
501 418 619 238
498 604 555 69
198 57 221 25
247 219 149 201
186 26 463 394
97 46 609 70
7 558 412 126
515 137 617 64
488 461 134 88
497 394 182 349
239 315 348 163
546 406 517 63
290 460 466 453
431 416 474 509
585 151 318 181
247 246 381 434
600 554 322 578
118 74 349 267
109 467 64 47
521 619 396 479
578 530 79 438
81 515 77 491
459 250 505 71
202 18 139 87
158 323 9 213
295 161 63 379
371 473 476 209
435 89 430 330
490 29 529 589
234 3 18 112
162 381 404 380
170 37 243 516
585 240 493 606
144 528 174 187
317 88 63 501
74 215 434 4
586 561 448 605
462 386 178 448
490 248 117 45
320 189 81 375
421 65 93 389
379 551 354 587
310 456 471 276
507 237 378 234
83 265 244 444
432 589 275 324
370 117 349 413
15 156 164 162
235 55 202 518
460 276 135 614
290 447 448 524
221 606 145 36
369 57 14 131
263 341 157 294
147 571 198 226
112 502 203 546
43 88 573 434
437 508 195 509
135 12 233 265
620 271 245 335
341 374 615 414
585 429 40 584
119 264 397 110
102 190 231 290
455 336 605 413
79 390 487 524
440 453 41 336
146 275 510 397
34 553 227 410
133 332 432 261
380 253 563 96
498 535 603 516
174 396 98 179
37 249 356 107
564 439 296 327
499 300 589 350
468 263 134 308
446 295 251 406
309 593 444 455
518 414 130 401
458 107 41 244
106 327 396 427
240 63 531 130
78 586 222 600
387 369 338 239
179 513 262 300
534 220 439 266
402 555 589 327
487 56 546 611
527 332 239 146
253 42 101 173
312 317 71 179
280 304 305 253
533 262 158 203
13 179 591 518
124 366 430 339
496 150 101 226
369 337 566 477
111 62 512 74
444 601 277 69
372 1 295 259
434 37 546 618
261 395 385 307
428 436 526 245
384 237 133 464
584 211 284 564
244 567 244 471
170 450 113 309
409 377 317 194
369 17 272 339
199 218 8 115
277 268 225 48
265 316 375 592
530 464 515 320
377 14 19 87
81 558 225 347
401 481 343 423
340 370 579 562
55 221 551 26
377 222 360 466
315 483 312 186
142 137 527 400
175 376 233 255
520 531 174 307
26 158 429 537
469 306 450 564
356 21 260 520
595 103 527 150
342 419 513 608
250 483 589 366
387 388 543 330
291 372 7 102
158 593 144 402
194 570 67 288
521 122 520 40
55 154 285 299
351 82 126 18
229 121 533 118
601 219 437 477
545 60 482 207
267 104 597 284
50 512 545 43
255 239 250 324
132 77 577 402
560 18 19 502
232 252 334 260
299 91 282 612
153 519 272 211
127 270 274 54
397 293 513 548
467 343 508 80
504 347 579 439
285 265 80 597
491 604 427 430
491 209 300 607
210 434 193 537
121 481 254 465
457 52 357 75
318 468 235 253
1 431 176 442
506 234 293 135
366 190 220 473
219 486 372 26
317 425 109 141
436 464 432 516
368 254 124 402
108 299 336 566
464 463 367 613
187 365 599 228
584 503 184 345
447 473 606 128
293 612 366 617
573 120 358 159
619 203 253 474
227 360 354 528
517 212 116 56
491 144 590 381
131 508 64 421
231 172 187 376
56 135 239 132
617 550 228 581
40 324 544 57
244 365 379 138
547 558 16 169
375 209 570 92
104 454 386 407
236 128 618 590
275 321 522 255
177 575 575 599
580 213 205 490
51 587 322 16
345 194 215 484
33 410 405 387
91 379 488 473
105 20 405 348
613 33 496 322
592 458 401 261
563 74 540 163
439 371 267 164
211 362 152 322
177 586 261 173
551 616 250 400
337 106 378 416
289 57 228 234
344 63 487 339
210 511 429 43
297 472 210 120
173 154 247 223
182 341 67 549
98 482 94 239
23 327 75 197
361 435 280 426
245 343 381 10
532 327 380 82
574 120 374 187
543 342 512 1
315 116 396 554
214 367 586 250
356 58 602 165
238 608 42 272
104 190 509 372
80 291 399 479
616 419 169 215
376 14 268 465
200 30 139 264
86 455 453 554
245 178 29 83
406 485 569 45
439 561 201 145
114 80 332 614
564 50 159 361
246 245 359 578
139 551 55 51
489 278 166 542
431 552 57 73
255 418 406 420
121 41 60 184
530 17 228 216
240 601 50 407
474 413 426 367
347 490 600 81
526 261 303 221
171 58 101 420
91 522 554 342
7 429 122 470
190 398 79 502
222 348 303 416
263 563 134 583
537 511 314 178
386 11 516 598
523 101 465 59
501 390 577 108
413 13 424 66
143 419 426 461
475 225 246 316
209 242 195 609
392 550 187 248
360 587 290 34
347 459 473 298
250 499 490 50
541 415 56 76
15 362 35 293
125 208 60 80
216 443 378 53
552 39 169 159
487 223 268 610
277 396 553 136
363 96 370 473
85 362 76 75
433 251 584 515
319 495 592 291
250 557 414 432
557 549 566 438
378 58 271 220
301 6 565 416
496 245 459 517
98 318 482 303
490 519 21 379
235 476 482 196
508 579 258 534
8 203 531 183
493 12 480 107
565 517 156 372
117 103 182 137
375 338 212 55
143 69 531 549
295 400 506 512
174 296 291 146
245 366 160 111
437 528 331 587
612 445 140 49
287 511 523 297
374 67 550 266
9 17 340 599
77 490 99 176
138 9 393 415
562 507 466 230
200 340 419 371
268 235 392 239
235 177 607 274
469 240 264 259
300 271 620 326
