600
565 254 84 529
113 60 347 383
161 226 460 251
574 460 363 372
475 565 165 177
486 427 9 580
500 118 575 423
152 195 429 338
357 372 171 514
480 346 310 261
180 20 280 40
11 217 10 254
141 354 414 365
533 81 160 328
361 466 122 216
17 293 426 432
223 243 14 303
266 384 139 318
516 154 477 363
557 196 418 277
462 210 32 417
575 276 89 352
487 136 293 521
527 345 542 589
612 20 414 64
39 467 388 229
570 247 474 268
501 272 73 549
237 19 191 319
63 2 167 305
80 145 230 239
38 74 273 189
464 85 65 50
431 584 352 157
287 95 310 394
17 456 212 218
291 252 272 574
378 66 209 375
241 262 284 153
72 488 309 36
144 332 519 536
264 314 562 188
209 558 435 93
23 418 539 599
570 556 371 480
405 370 32 458
302 386 170 325
165 157 290 73
62 143 153 474
318 501 587 614
358 592 150 305
497 450 82 378
348 561 306 189
170 484 95 510
556 491 262 124
537 566 142 374
279 87 553 151
569 445 137 430
283 515 40 421
1 165 309 306
326 247 79 600
172 130 424 166
520 493 118 358
426 246 322 140
152 297 129 339
63 548 380 442
599 145 527 613
169 618 509 75
225 35 551 565
473 247 537 150
500 485 224 199
536 603 264 48
588 606 262 93
502 163 238 286
505 24 602 122
250 177 180 86
350 229 461 14
20 300 496 16
161 205 447 259
223 502 588 378
601 23 279 429
453 452 405 469
163 499 417 428
465 591 485 502
152 435 485 450
545 354 368 389
355 373 586 492
120 515 514 527
343 100 410 488
301 143 591 252
51 91 317 99
310 579 189 608
358 283 422 188
27 371 282 197
330 90 186 242
342 617 132 210
420 109 113 606
309 292 121 336
395 499 443 373
183 46 192 188
402 211 578 361
482 304 574 159
474 474 428 598
488 190 505 43
251 242 244 504
468 396 248 301
427 328 365 521
278 194 498 37
485 61 281 209
418 566 536 157
66 221 59 613
124 342 323 88
403 234 398 208
618 362 64 33
241 565 427 18
593 320 180 5
120 196 337 425
242 270 40 262
228 87 145 331
238 433 194 350
219 45 266 338
29 411 594 527
433 15 272 377
309 225 327 435
107 229 341 550
261 91 576 521
209 354 41 85
129 573 276 439
220 433 108 455
224 148 306 402
253 527 457 436
261 608 220 563
133 10 249 537
0 204 78 492
366 126 565 408
183 580 290 49
438 606 348 412
234 599 471 214
236 606 476 38
108 147 317 100
49 326 440 204
148 310 349 172
417 139 231 386
178 337 535 350
324 539 514 243
415 23 217 415
507 197 456 294
295 44 240 295
531 51 158 154
422 253 29 80
76 562 150 164
73 203 33 441
69 146 365 490
504 63 440 141
508 573 407 184
43 346 587 63
521 34 589 71
296 366 529 439
391 8 602 9
266 323 10 532
43 81 532 490
241 124 276 474
358 473 407 396
52 80 234 468
4 187 145 73
605 65 396 195
216 0 339 361
500 323 182 525
550 340 6 175
606 200 55 57
19 580 198 601
464 511 205 390
25 608 479 92
480 537 115 310
144 457 439 185
167 267 509 28
561 49 129 28
190 238 117 488
363 144 259 250
389 24 471 2
126 398 495 449
456 15 63 577
67 21 222 417
312 442 344 55
128 250 457 253
471 248 133 307
595 200 449 328
227 520 539 238
582 42 579 421
183 92 115 269
366 108 566 98
14 229 413 37
443 98 45 569
13 242 384 131
611 398 485 372
618 359 555 77
346 47 159 138
95 164 473 573
271 134 89 82
456 112 543 27
20 518 151 514
238 223 303 319
541 152 431 534
41 139 179 23
66 119 555 607
572 103 33 248
133 229 273 45
132 607 205 293
228 283 328 346
612 243 409 349
227 281 350 494
587 561 552 349
389 399 86 62
186 164 386 424
277 334 548 43
462 359 530 215
413 546 529 317
28 252 116 586
248 8 247 413
33 236 504 185
57 44 237 157
481 154 95 286
532 154 238 24
285 499 366 18
247 286 561 332
351 165 2 207
454 402 307 76
521 241 531 266
32 187 67 514
609 314 458 529
536 192 104 72
208 281 355 169
392 154 580 234
394 123 220 67
548 407 365 32
322 229 576 183
488 298 447 291
65 168 342 243
484 314 236 468
89 306 227 436
70 167 610 471
157 74 587 328
52 415 259 533
600 347 71 72
387 216 223 73
596 83 181 463
116 127 95 191
338 416 160 600
193 458 502 152
465 540 475 281
19 523 373 189
368 260 3 261
300 405 56 499
466 170 442 336
223 206 257 24
401 18 21 611
548 393 317 184
296 574 333 230
448 130 572 365
157 285 356 620
151 418 113 468
24 557 427 610
619 199 505 430
557 492 603 412
157 432 237 211
510 506 6 487
391 57 248 192
182 109 48 391
589 595 69 542
27 309 211 313
447 183 77 264
158 544 563 547
532 616 385 54
573 99 567 427
227 154 521 619
94 42 504 92
120 35 500 172
155 289 541 253
597 459 18 406
154 92 388 119
479 328 121 521
211 548 304 251
302 612 224 15
162 563 128 575
327 383 176 569
519 452 72 525
36 580 150 494
447 443 54 570
75 424 324 200
168 254 366 114
213 377 277 331
456 160 511 249
421 22 126 614
211 472 85 321
346 338 550 15
528 619 137 178
438 221 546 544
183 508 599 451
395 419 500 337
243 620 31 404
53 307 384 367
498 250 563 201
331 573 148 43
559 512 558 16
413 18 279 562
599 36 576 530
139 183 456 157
193 41 161 318
492 462 472 551
399 38 10 350
11 107 301 300
165 275 563 198
574 530 187 611
556 548 605 272
46 11 22 114
263 600 362 565
224 588 118 314
475 193 5 314
322 449 251 318
331 475 500 282
29 383 498 225
78 142 283 77
492 356 304 562
247 334 135 249
511 167 188 590
147 532 228 300
383 415 207 418
10 528 86 169
158 165 395 188
257 578 136 126
618 370 177 157
239 336 279 606
64 545 500 207
246 449 413 208
215 392 258 490
347 219 184 260
598 90 515 103
555 396 92 349
535 536 493 293
221 91 524 392
145 395 397 253
44 251 536 300
594 228 305 191
322 388 584 562
166 164 373 295
498 81 125 71
182 229 595 225
258 45 561 458
268 83 606 386
543 344 194 151
189 578 435 50
85 564 184 39
497 286 86 580
610 153 44 474
81 140 548 117
142 413 265 22
18 329 460 236
371 407 174 484
259 519 192 492
82 507 354 545
384 559 439 63
524 479 303 498
326 398 577 55
405 123 210 15
69 308 464 351
164 356 416 86
74 517 45 619
287 491 293 503
434 499 455 327
83 115 286 281
34 3 284 113
183 450 331 436
552 429 0 527
524 347 352 521
491 334 95 474
169 206 259 74
15 176 201 56
275 457 591 307
453 230 595 36
170 410 108 19
394 113 24 345
322 226 301 97
594 422 225 562
127 390 542 529
472 102 271 273
90 159 401 300
154 200 210 330
452 494 442 238
63 434 120 545
483 311 184 140
532 425 165 563
186 216 377 198
306 592 559 384
97 342 1 490
455 553 390 237
262 155 233 444
117 284 375 301
527 412 611 568
465 56 186 267
258 73 571 136
572 439 579 63
43 131 156 361
552 184 216 76
422 612 100 474
336 161 462 403
405 609 369 122
341 611 86 507
550 459 426 408
147 517 157 530
594 167 128 370
581 511 183 600
437 374 62 194
413 153 251 252
544 127 412 500
255 353 182 51
127 239 386 578
498 59 407 502
377 525 508 55
582 336 497 215
488 480 238 251
162 57 267 343
434 52 291 574
460 270 215 515
9 172 55 487
537 401 370 482
373 407 240 365
75 504 151 599
402 56 323 123
427 285 66 129
29 508 308 606
552 117 475 552
48 384 142 283
414 211 369 178
592 224 112 530
146 198 280 20
602 535 110 242
340 515 137 447
303 350 336 56
435 471 132 15
99 311 374 27
1 523 207 598
152 206 33 110
302 478 93 350
386 260 410 312
37 440 301 411
74 123 338 169
594 612 141 133
262 439 128 254
249 251 196 33
615 230 216 481
504 415 357 597
59 598 522 145
486 104 224 489
99 160 4 215
495 66 480 290
599 415 21 408
429 547 113 398
216 375 316 376
12 170 405 88
413 68 333 92
59 94 488 550
252 253 259 424
21 440 319 252
441 263 145 35
247 486 579 328
292 451 240 174
181 205 476 192
157 601 35 424
537 41 515 407
152 589 435 31
483 20 584 334
100 327 618 588
53 403 181 386
456 430 436 82
46 380 202 320
519 306 318 75
542 438 3 152
384 256 506 599
105 155 478 160
181 43 197 363
367 426 117 365
379 480 434 27
52 119 461 238
276 468 513 62
382 202 105 94
375 292 396 226
4 572 398 541
408 440 449 543
482 344 201 141
458 55 434 126
209 54 13 535
560 395 345 423
561 319 140 592
169 500 487 561
224 82 18 417
179 205 230 549
351 11 224 358
429 547 535 615
36 40 262 407
565 603 126 483
273 523 63 618
363 421 117 66
202 169 113 284
590 601 361 267
229 331 37 129
103 124 379 80
67 147 40 148
190 106 330 12
172 430 37 442
444 477 190 84
17 561 25 442
361 475 203 596
613 296 292 102
105 80 548 225
591 87 362 403
98 492 425 53
551 533 330 54
89 319 369 72
160 439 451 565
87 70 428 208
162 7 521 109
320 243 78 306
332 383 97 54
444 54 316 177
140 298 300 454
263 94 59 348
327 87 226 491
332 315 571 551
79 359 239 369
391 470 262 309
506 398 473 202
496 591 23 80
532 386 117 445
0 477 222 175
619 436 471 436
609 582 491 133
471 158 247 577
268 467 467 29
19 516 355 594
211 188 549 225
7 105 466 242
125 620 574 198
256 372 233 220
374 498 39 170
194 504 467 303
533 210 51 381
319 373 307 500
599 502 172 506
167 67 543 310
102 318 299 115
614 424 596 266
282 31 193 298
33 551 84 534
70 258 492 24
81 152 224 155
179 130 215 168
449 123 271 29
475 104 259 112
532 479 136 499
567 344 123 347
366 216 434 107
112 15 171 497
442 119 491 472
620 402 609 547
397 182 607 438
603 321 597 101
327 546 479 214
265 282 492 293
538 2 331 461
244 361 439 280
589 315 199 448
564 608 536 581
103 138 215 616
18 558 534 452
84 42 65 329
135 495 396 238
439 226 490 307
437 226 477 244
317 80 66 223
252 587 339 587
508 460 352 315
502 247 91 151
97 582 235 499
180 150 34 174
323 214 410 230
315 147 18 331
82 282 536 42
437 496 197 570
533 309 28 385
422 135 12 172
64 600 313 272
128 49 45 297
580 492 371 255
43 316 36 14
423 402 575 576
385 84 0 218
567 587 34 498
531 250 426 567
341 572 185 552
297 591 620 526
