600
395 309 134 304
282 498 30 616
211 363 435 23
314 316 610 224
227 431 192 206
450 514 619 226
605 95 116 438
282 466 605 502
544 36 350 117
165 573 0 133
543 195 38 337
240 34 457 195
121 261 196 427
206 531 113 498
524 44 412 39
65 321 431 531
347 110 7 606
395 540 452 274
197 140 32 182
333 486 362 612
267 220 464 497
249 542 191 455
178 99 132 321
534 606 519 41
403 144 330 42
476 456 188 118
528 11 509 605
5 572 104 352
446 420 146 170
43 357 377 613
556 347 560 165
447 469 125 102
457 457 607 600
209 148 243 335
343 310 392 110
546 583 137 175
294 93 328 342
341 138 284 25
251 110 460 526
462 274 338 553
278 22 403 24
130 272 67 441
256 616 566 565
57 420 299 583
459 156 21 4
287 139 605 315
368 510 292 237
56 448 154 36
564 451 535 273
583 183 24 265
544 287 250 4
399 74 593 273
294 560 380 127
293 382 256 348
38 437 148 3
243 549 445 323
183 589 57 101
145 139 439 509
368 462 142 69
273 164 175 262
408 168 328 369
481 350 332 498
509 420 251 453
139 288 37 33
383 189 394 101
411 344 467 577
414 344 585 357
203 117 253 601
267 40 361 427
52 225 127 192
452 527 407 434
420 535 58 311
611 18 379 373
600 466 369 420
459 330 246 414
316 543 40 352
313 529 446 245
38 472 437 410
337 504 618 172
262 147 420 421
197 492 87 336
400 212 253 300
99 124 74 445
6 490 486 425
315 40 403 496
434 51 235 555
298 425 521 338
569 531 532 453
200 245 393 110
0 289 410 430
5 81 72 63
604 550 304 321
111 276 57 359
47 34 606 404
179 591 350 144
306 174 74 29
347 473 121 403
217 290 610 587
398 61 40 116
570 336 584 284
475 264 536 189
264 78 595 92
471 567 68 96
245 26 199 28
52 129 480 71
362 164 284 334
234 194 341 252
363 334 534 16
127 365 119 94
569 520 452 194
217 395 109 311
303 127 457 11
555 565 24 158
360 220 482 545
13 488 110 102
106 564 411 507
489 613 600 366
171 302 409 306
26 145 457 57
243 129 24 231
355 378 85 42
620 335 62 80
608 544 403 75
112 95 172 599
379 184 107 275
82 222 285 475
26 292 158 136
488 340 289 356
545 199 444 548
188 439 81 286
394 89 441 475
479 257 114 468
31 387 341 146
147 326 412 465
614 464 146 182
313 95 289 519
177 145 318 238
474 236 334 304
204 474 317 615
124 317 283 369
207 522 610 28
24 590 252 406
434 552 299 360
172 540 198 385
376 476 112 461
147 257 311 390
514 344 273 519
190 133 247 72
363 364 70 2
30 346 409 264
250 18 130 115
354 193 461 63
193 240 55 561
111 217 100 16
356 410 454 394
268 371 241 80
489 615 110 120
543 268 268 188
313 513 571 205
246 537 171 562
95 441 271 577
390 338 593 282
255 538 76 152
494 556 239 41
539 52 134 451
386 461 471 141
201 601 563 584
282 433 73 116
464 481 583 330
548 47 307 309
246 526 154 178
515 193 24 388
353 447 169 455
282 333 170 578
92 220 410 156
563 35 501 594
180 458 359 440
471 243 273 63
311 436 242 398
404 507 560 574
88 222 258 353
463 122 68 594
169 184 305 579
207 62 585 496
372 228 64 476
40 396 435 508
440 87 259 4
124 114 12 266
573 30 204 6
461 242 224 480
140 519 387 379
453 83 82 403
436 533 563 268
93 254 524 331
245 511 365 320
256 382 447 39
150 455 244 399
247 231 35 480
216 485 15 232
38 330 233 577
505 460 466 589
287 169 243 158
364 89 151 44
142 478 363 405
223 521 52 599
371 134 545 571
574 12 143 610
211 599 425 199
455 247 468 101
464 562 587 163
170 114 517 123
294 275 554 52
616 571 262 278
98 1 540 609
431 19 22 303
385 374 529 294
569 154 210 246
473 585 371 519
419 599 27 418
607 513 389 266
262 143 218 474
279 612 539 120
501 509 20 167
514 48 217 38
12 175 456 260
138 423 598 118
228 47 425 0
214 131 3 405
114 82 110 425
577 94 146 473
527 109 456 346
440 536 183 361
154 162 129 10
430 550 490 541
302 109 320 594
273 362 528 479
394 29 337 197
160 174 137 181
289 168 405 334
351 513 113 290
193 398 389 60
547 40 397 608
584 312 218 267
114 243 208 317
394 36 522 256
168 377 159 24
421 69 146 271
115 69 111 601
49 238 607 395
335 259 310 176
16 536 172 515
601 334 65 249
172 329 559 354
302 21 528 435
512 184 485 566
209 18 123 345
472 325 607 323
177 100 446 613
48 544 165 245
459 45 99 401
182 210 65 112
125 526 109 123
463 343 513 34
481 288 389 335
469 37 465 356
118 339 3 285
381 160 0 262
208 304 237 289
93 496 550 469
164 203 334 527
223 575 114 220
131 197 522 396
6 377 442 522
37 282 123 386
299 436 98 26
214 9 304 533
260 186 602 297
446 245 182 603
594 319 369 284
145 296 481 97
59 485 111 358
8 503 365 591
238 372 171 8
185 519 462 471
475 535 392 121
312 504 311 221
33 104 562 343
141 138 240 292
310 492 269 66
579 166 293 390
199 466 170 139
604 447 517 337
279 472 574 412
566 188 123 14
584 579 564 543
261 594 96 199
411 14 74 416
531 569 486 349
106 41 310 222
206 427 333 321
89 498 28 8
597 293 117 115
62 261 109 249
100 289 200 294
99 307 458 302
147 513 570 325
348 327 13 396
215 86 461 46
340 439 553 386
590 612 525 260
385 509 46 447
555 250 172 427
182 566 125 182
480 559 14 307
351 101 587 488
167 165 4 370
75 476 435 443
325 425 364 39
47 603 195 124
294 428 511 190
614 303 526 462
104 118 361 202
279 502 465 18
542 42 196 112
508 598 186 293
315 38 488 156
78 308 30 263
497 340 9 111
430 568 32 612
608 619 407 437
108 60 16 434
84 591 210 407
174 285 342 429
416 115 252 86
322 420 297 479
330 130 257 250
237 486 8 392
412 176 253 222
46 499 563 603
127 318 609 409
38 132 379 431
144 212 368 325
615 53 16 98
135 53 143 612
282 258 181 426
451 355 317 545
554 57 514 518
432 503 341 53
143 529 355 295
125 340 453 592
169 315 129 30
553 24 305 597
247 286 165 334
491 226 58 160
236 94 506 195
497 66 136 2
417 225 209 127
545 118 449 11
110 398 60 353
363 401 149 247
577 147 18 272
185 315 285 290
594 250 24 386
483 63 510 411
103 570 420 57
23 62 545 82
75 387 374 187
309 359 81 289
401 285 89 605
212 393 82 97
258 124 46 558
239 496 277 438
254 392 118 169
582 404 424 525
238 22 536 38
496 385 258 201
391 142 508 253
268 69 498 341
227 346 424 470
103 411 107 466
448 157 519 50
476 9 218 132
500 290 484 571
347 300 379 105
402 120 538 16
534 257 413 546
256 53 209 294
49 223 380 489
323 7 570 197
589 293 565 397
123 497 495 137
184 264 51 477
389 491 355 259
284 488 92 47
52 201 70 504
418 303 426 388
50 511 321 141
232 541 161 181
417 160 360 544
352 526 257 296
73 283 107 81
313 335 307 328
389 317 434 150
185 440 455 343
124 348 113 264
13 338 31 345
25 151 479 126
111 520 228 68
407 451 89 361
310 274 365 65
240 303 355 159
473 339 234 97
465 438 220 146
98 159 269 112
103 136 446 436
443 266 4 163
465 518 321 212
14 287 366 206
296 171 11 470
551 527 434 430
44 274 570 240
400 75 495 582
311 602 460 286
122 551 503 50
569 535 240 461
570 138 620 547
61 519 24 346
544 17 134 374
470 311 21 157
330 602 182 494
233 497 254 452
469 275 363 93
423 161 360 131
0 177 504 102
282 436 369 12
319 122 229 580
305 82 380 160
572 290 351 497
297 396 477 506
134 56 610 354
60 9 224 70
258 549 212 413
251 579 520 455
27 526 44 434
330 603 76 467
489 163 275 584
264 244 331 557
55 408 83 73
357 349 544 185
283 4 515 244
91 513 296 135
20 332 57 426
313 376 514 321
587 470 59 72
517 285 162 482
170 539 175 487
541 285 36 272
204 498 4 181
319 458 332 109
415 306 298 336
21 538 461 547
351 474 38 160
169 294 324 429
343 32 331 492
77 112 213 43
78 59 147 443
224 239 464 221
189 553 511 602
444 209 190 280
474 55 22 479
598 325 185 74
445 436 129 491
46 290 167 395
219 415 447 389
289 596 302 556
394 485 88 59
27 207 69 455
586 1 196 321
178 397 476 232
15 145 138 349
104 505 158 334
178 502 9 8
570 428 385 318
404 433 127 200
28 349 390 517
595 40 194 133
79 507 287 186
137 393 57 378
428 462 430 598
551 151 185 432
1 461 285 244
119 559 382 416
106 487 382 145
61 418 187 349
580 544 614 325
464 477 8 117
456 398 596 64
41 110 582 478
230 589 572 136
405 551 192 521
501 54 192 488
483 202 568 53
472 307 556 553
448 388 601 161
506 432 396 126
111 427 472 113
554 159 275 139
605 100 200 364
75 143 135 588
459 361 387 531
134 145 22 483
275 313 423 502
479 279 369 620
108 90 179 608
26 476 372 229
31 474 449 580
82 305 389 121
5 408 500 98
270 291 56 202
516 231 497 570
399 368 195 454
585 367 196 546
223 57 262 568
323 378 88 245
18 22 341 507
127 419 565 525
137 478 47 171
368 115 168 393
449 76 492 223
200 410 304 267
159 110 315 451
568 433 95 617
104 264 416 109
252 56 102 500
288 565 387 138
585 322 546 127
290 595 207 447
478 73 253 208
126 323 65 183
251 300 501 179
536 145 394 415
611 365 10 59
531 588 375 387
375 308 413 105
69 270 221 286
474 290 83 562
109 552 605 224
569 48 100 597
135 191 504 217
530 451 72 498
47 78 10 466
413 367 157 573
54 585 441 530
193 277 136 170
274 370 243 606
54 442 526 305
85 352 309 513
239 278 223 525
154 586 161 367
596 557 76 349
448 363 521 61
172 336 619 48
311 364 207 196
262 175 477 305
350 494 249 317
190 115 39 496
414 248 375 174
492 580 296 581
381 403 321 179
2 135 3 101
145 579 52 517
262 326 32 462
559 533 168 107
270 520 494 586
91 320 401 318
414 47 426 450
598 458 356 114
140 22 368 501
312 144 277 233
300 519 228 125
198 118 616 444
559 339 90 184
379 466 270 309
583 11 372 409
393 284 354 256
5 559 341 426
159 60 163 510
348 379 557 485
178 131 85 57
256 444 54 245
73 333 183 296
395 9 481 119
45 182 377 585
10 2 353 532
295 387 534 36
218 454 585 285
222 68 502 439
229 190 569 250
242 378 170 470
318 230 114 476
